threshold	P	BETA	SD	AUCres	R2	R2_adj	group
pval_thresholdp1.0000e-01.txt	0.2676227340706983	-0.017320189771386482	0.015624131508979025	0.5277688205382611	0.0660307776692125	0.003076350768930425	mesa_seall
pval_thresholdp1.0000e-02.txt	0.033303340273714385	-0.08128151014501225	0.038188891576157846	0.5586010169911944	0.07441892043355858	0.011464493533276499	mesa_seall
pval_thresholdp1.0000e-03.txt	0.07864026670291127	-0.18454805592306417	0.10493849739484486	0.5762619372442019	0.07083269310178442	0.007878266201502337	mesa_seall
pval_thresholdp1.0000e-04.txt	0.31932085584358827	0.3133425316006649	0.3146469070927911	0.5438174376782835	0.06545562074834632	0.0025011938480642426	mesa_seall
pval_thresholdp1.0000e-05.txt	0.8023195999772051	0.20737449872389765	0.8283507608842321	0.5178593575592211	0.06311224151166983	1.578146113877521e-4	mesa_seall
pval_thresholdp1.0000e-06.txt	0.833964113017886	0.7843837033423111	3.741928046260557	0.5066228450948778	0.06306748435467091	1.1305745438883186e-4	mesa_seall
pval_thresholdp1.0000e+00.txt	0.7913981479229579	0.0026014527384606427	0.00983552817878816	0.5231799578320724	0.06313000340358599	1.7557650330390917e-4	mesa_seall
pval_thresholdp3.0000e-01.txt	0.8944377411144493	-0.0014738375965987175	0.011107289258315004	0.5105791888875109	0.06299855093771656	4.412403743447868e-5	mesa_seall
pval_thresholdp3.0000e-02.txt	0.0181424824607251	-0.057840233412777116	0.02448059425286566	0.5740543222125759	0.07713289249243471	0.014178465592152634	mesa_seall
pval_thresholdp3.0000e-03.txt	0.06408291498666976	-0.12101897158917077	0.0653590430896623	0.5628550167431478	0.07170458387824918	0.008750156977967105	mesa_seall
pval_thresholdp3.0000e-04.txt	0.8346792951954521	-0.0373184088370398	0.1788101989477298	0.5117450080615156	0.06306348006850915	1.0905316822706901e-4	mesa_seall
pval_thresholdp3.0000e-05.txt	0.851690130701313	0.0900546437247954	0.48167254098726825	0.5214064244077886	0.0630422784050857	8.785150480361548e-5	mesa_seall
pval_thresholdp1.0000e-01.txt	0.10754644195669211	-0.041172433773752015	0.02558374970997564	0.5773201993828626	0.16900481912551946	0.012923051734460178	mesa_diarrhea
pval_thresholdp1.0000e-02.txt	0.030135657844110715	-0.12961620376386343	0.05977772365246893	0.6023617374792309	0.18002984288601032	0.023948075494951038	mesa_diarrhea
pval_thresholdp1.0000e-03.txt	0.3387082008430623	-0.1552118985687856	0.16223322405887888	0.5786256824115832	0.16069680498108074	0.004615037590021465	mesa_diarrhea
pval_thresholdp1.0000e-04.txt	0.9190174373567496	0.05011306538309683	0.49289204257435304	0.5246854972703536	0.15613327717308045	5.150978202117518e-5	mesa_diarrhea
pval_thresholdp1.0000e-05.txt	0.17176036553485122	-1.6494261784477093	1.206983250603141	0.5615060526940423	0.16503780288630898	0.008956035495249703	mesa_diarrhea
pval_thresholdp1.0000e-06.txt	0.354792558271369	-4.533339485803802	4.899142231591989	0.5172086399240445	0.15979386064328116	0.003712093252221882	mesa_diarrhea
pval_thresholdp1.0000e+00.txt	0.22626190390946668	-0.01957463031474481	0.016176788494455526	0.5676477569427961	0.16335035001420561	0.007268582623146336	mesa_diarrhea
pval_thresholdp3.0000e-01.txt	0.21852175625791084	-0.02265421873872776	0.018411052967633987	0.5602302397341562	0.16362960800350512	0.007547840612445844	mesa_diarrhea
pval_thresholdp3.0000e-02.txt	0.044389740057559246	-0.08034555516039431	0.03996512324613195	0.5907904106337527	0.17670973717783245	0.02062796978677317	mesa_diarrhea
pval_thresholdp3.0000e-03.txt	0.5134679436304057	-0.06564938933439723	0.1004662315696397	0.5250712081652029	0.1582303434778014	0.0021485760867421266	mesa_diarrhea
pval_thresholdp3.0000e-04.txt	0.8470749066251866	0.05428175536729165	0.2814685134795767	0.49092095893662474	0.1562674971486363	1.8572975757702448e-4	mesa_diarrhea
pval_thresholdp3.0000e-05.txt	0.7798604159307083	-0.204066576019297	0.7301105150182503	0.5042428198433421	0.15646904495781222	3.8727756675294156e-4	mesa_diarrhea
pval_thresholdp1.0000e-01.txt	0.18476541944196828	-0.03468846576236395	0.026155806604051573	0.5458496305953933	0.20039790988123796	0.00908289770754478	mesa_fever
pval_thresholdp1.0000e-02.txt	0.013508836151776912	-0.1510762333944504	0.06116284809332165	0.6183026013534488	0.22379686859699732	0.032481856423304145	mesa_fever
pval_thresholdp1.0000e-03.txt	0.11018723697811675	-0.2672604393795844	0.16731466693424094	0.6239523188675731	0.2049131762406603	0.013598164066967122	mesa_fever
pval_thresholdp1.0000e-04.txt	0.883676587058007	-0.07452171308700521	0.5093408400721494	0.511765071087105	0.19142540208408132	1.1038991038814228e-4	mesa_fever
pval_thresholdp1.0000e-05.txt	0.5629776461279689	-0.7576817701977178	1.309906380670321	0.5217607251505556	0.19300569214155439	0.0016906799678612083	mesa_fever
pval_thresholdp1.0000e-06.txt	0.24699739682355049	-5.824143751398824	5.030904583465104	0.5225367852486495	0.19720008648914733	0.005885074315454153	mesa_fever
pval_thresholdp1.0000e+00.txt	0.7829613083069411	-0.004571633812022407	0.016596240624189507	0.5022660954864344	0.19170619603639116	3.911838626979858e-4	mesa_fever
pval_thresholdp3.0000e-01.txt	0.5423342844286733	-0.0115347858769296	0.018931616215799377	0.49469174892903706	0.19323132726895675	0.0019163150952635766	mesa_fever
pval_thresholdp3.0000e-02.txt	0.011128512958411777	-0.10452370798208334	0.041173155502955874	0.6315266654249705	0.2260936908844864	0.03477867871079321	mesa_fever
pval_thresholdp3.0000e-03.txt	0.024499410297842885	-0.2427299433429247	0.10791807101351779	0.613894579996275	0.2189689311036006	0.02765391892990743	mesa_fever
pval_thresholdp3.0000e-04.txt	0.7644481265213506	-0.08560221630302506	0.28567898810613257	0.5279692059353076	0.19177703219068287	4.6202001698969486e-4	mesa_fever
pval_thresholdp3.0000e-05.txt	0.6321644029529732	-0.3549592188151281	0.7415334792559022	0.5063636928043708	0.1924902844263624	0.0011752722526692239	mesa_fever
pval_thresholdp1.0000e-01.txt	0.07967523740924552	-0.06124585032910004	0.03494623713476973	0.590272952853598	0.2687950935414358	0.023274465892533347	mesa_feveranddiarrhea
pval_thresholdp1.0000e-02.txt	0.005145794047615559	-0.2268023956907711	0.08106563678776822	0.688833746898263	0.31009478958960546	0.06457416194070298	mesa_feveranddiarrhea
pval_thresholdp1.0000e-03.txt	0.29724710579151914	-0.2272317400854223	0.2179984100195111	0.6250124069478908	0.2539688583273514	0.00844823067844891	mesa_feveranddiarrhea
pval_thresholdp1.0000e-04.txt	0.42483770417473715	-0.5078680452028235	0.6363810658818128	0.4690818858560794	0.2503011567990374	0.004780529150134938	mesa_feveranddiarrhea
pval_thresholdp1.0000e-05.txt	0.1471720390012378	-2.2642701968542207	1.562004052030834	0.5719106699751861	0.2604065882313791	0.014885960582476598	mesa_feveranddiarrhea
pval_thresholdp1.0000e-06.txt	0.15831782024190175	-8.963084203726442	6.353409860294594	0.5270967741935484	0.25754763586724405	0.012027008218341573	mesa_feveranddiarrhea
pval_thresholdp1.0000e+00.txt	0.24249944306950114	-0.026323837379532977	0.022522833796275284	0.5642679900744417	0.25572053836378816	0.010199910714885685	mesa_feveranddiarrhea
pval_thresholdp3.0000e-01.txt	0.21411819893334258	-0.031960410925464124	0.0257263737164446	0.44535980148883375	0.25711704769345656	0.011596420044554079	mesa_feveranddiarrhea
pval_thresholdp3.0000e-02.txt	0.00915749460081435	-0.15076610308257618	0.057850838460718784	0.6486352357320099	0.30147635205215784	0.05595572440325536	mesa_feveranddiarrhea
pval_thresholdp3.0000e-03.txt	0.026721609838425704	-0.3263556331603826	0.14730160545464754	0.6511166253101737	0.2867567057500129	0.04123607810111041	mesa_feveranddiarrhea
pval_thresholdp3.0000e-04.txt	0.7507928431315167	-0.11636681842288119	0.3664010604865385	0.5274441687344914	0.24627848689881915	7.578592499166703e-4	mesa_feveranddiarrhea
pval_thresholdp3.0000e-05.txt	0.18818072246913353	-1.201912656998586	0.9133213020119528	0.5936476426799008	0.25853913842611254	0.013018510777210057	mesa_feveranddiarrhea
pval_thresholdp1.0000e-01.txt	0.18503730215505548	-0.02871206058792174	0.021662880034894534	0.5497801231310466	0.16162995136730407	0.006895783852993165	mesa_fever_or_diarrhea
pval_thresholdp1.0000e-02.txt	0.043653644626740644	-0.10320444589481363	0.05115712100176097	0.5759894459102902	0.17089652328217053	0.016162355767859626	mesa_fever_or_diarrhea
pval_thresholdp1.0000e-03.txt	0.1527024557122433	-0.19910166848257577	0.13922699552204107	0.5906772207563764	0.16288696713991935	0.008152799625608442	mesa_fever_or_diarrhea
pval_thresholdp1.0000e-04.txt	0.6505706498167019	0.19416749809225753	0.42865461318990816	0.540325417766051	0.15554187911474482	8.077116004339135e-4	mesa_fever_or_diarrhea
pval_thresholdp1.0000e-05.txt	0.4466197069131393	-0.8241118332341556	1.0828437583039594	0.5291336851363236	0.15696328712517116	0.002229119610860253	mesa_fever_or_diarrhea
pval_thresholdp1.0000e-06.txt	0.35947377465106184	-3.93374539536357	4.292756032982155	0.5167106420404574	0.157668948388773	0.002934780874462084	mesa_fever_or_diarrhea
pval_thresholdp1.0000e+00.txt	0.6172115148262283	-0.00681978675091589	0.013644861096813461	0.5200527704485488	0.1557128665240498	9.786990097389037e-4	mesa_fever_or_diarrhea
pval_thresholdp3.0000e-01.txt	0.4562772968176112	-0.011567851205636807	0.015527509329004062	0.5241864555848724	0.15691318149517264	0.0021790139808617326	mesa_fever_or_diarrhea
pval_thresholdp3.0000e-02.txt	0.03235580612609231	-0.07160058674404153	0.03345841918438021	0.5945910290237467	0.17305690421232067	0.018322736698009767	mesa_fever_or_diarrhea
pval_thresholdp3.0000e-03.txt	0.34809610048897077	-0.08103500871281105	0.08636469204807985	0.5322999120492524	0.158221992179013	0.0034878246647020994	mesa_fever_or_diarrhea
pval_thresholdp3.0000e-04.txt	0.8963903128684333	0.03148463687718844	0.24177551626685134	0.5009234828496042	0.15480078765701866	6.662014270775174e-5	mesa_fever_or_diarrhea
pval_thresholdp3.0000e-05.txt	0.8198763588058778	0.14626593937996146	0.6423511939462118	0.5338390501319261	0.15493830790730934	2.041403929984309e-4	mesa_fever_or_diarrhea
