Chr	POS	P	Allele1	Allele2	Freq1	Effect	StdErr
2	27741237	1.276e-31	T	C	0.5858	-0.1225	0.0105
1	172844352	2.026e-28	T	G	0.2522	0.1106	0.01
1	172861182	8.67e-28	G	C	0.754	-0.1088	0.01
1	172857050	9.285e-28	C	T	0.7553	-0.109	0.01
1	172854334	1.012e-27	G	A	0.7553	-0.1084	0.0099
1	172862380	1.014e-27	C	G	0.2452	0.1085	0.0099
1	172855576	1.131e-27	A	G	0.2455	0.1086	0.01
1	172861574	1.297e-27	C	T	0.7556	-0.1093	0.01
1	172844409	1.325e-27	T	A	0.2505	0.109	0.01
1	172844753	1.587e-27	C	G	0.2471	0.1087	0.01
1	172861759	1.669e-27	A	G	0.2455	0.108	0.0099
1	172863101	1.874e-27	G	T	0.7552	-0.108	0.0099
1	172863948	2.028e-27	G	A	0.7547	-0.108	0.01
1	172865492	2.204e-27	A	G	0.2445	0.108	0.01
1	172860035	2.332e-27	A	C	0.2448	0.1091	0.0101
1	172866210	3.332e-27	G	A	0.7567	-0.116	0.0107
1	172852403	5.426e-27	A	G	0.2456	0.1071	0.01
17	25843643	2.98e-25	G	A	0.3957	-0.1082	0.0104
17	25869033	3.098e-25	A	C	0.307	-0.1057	0.0102
1	172869674	1.138e-24	G	T	0.7409	-0.1017	0.0099
21	34768097	2.934e-24	A	G	0.5788	0.1052	0.0104
21	34776695	3.313e-24	A	G	0.6086	0.1033	0.0102
1	172866949	5.008e-24	C	T	0.7407	-0.0999	0.0099
1	172868751	6.156e-24	C	T	0.7404	-0.0998	0.0099
1	172870004	9.052e-24	C	T	0.7393	-0.0995	0.0099
1	172867006	1.095e-23	A	C	0.2613	0.0989	0.0099
1	172867716	4.186e-23	C	T	0.7034	-0.0996	0.0101
1	172814855	5.217e-23	T	C	0.7072	-0.098	0.0099
1	172844250	6.229e-23	T	C	0.2678	0.101	0.0102
1	172868834	8.057e-23	A	G	0.2981	0.0986	0.01
1	172807254	1.1e-22	G	A	0.2934	0.0976	0.01
1	172808338	1.12e-22	A	T	0.7066	-0.0974	0.0099
6	21443902	2.477e-22	C	T	0.5153	0.1023	0.0105
1	172828413	2.694e-22	C	T	0.2912	0.0966	0.0099
19	49206985	2.925e-22	G	A	0.5123	-0.1081	0.0111
1	172827031	3.915e-22	T	C	0.7094	-0.096	0.0099
2	231115976	4.495e-22	C	T	0.8168	-0.1066	0.011
2	231098478	5.268e-22	C	T	0.8097	-0.1048	0.0109
1	172826163	6.165e-22	C	T	0.2909	0.0984	0.0102
1	172870991	6.815e-22	G	A	0.7405	-0.0956	0.0099
2	231119914	8.353e-22	G	C	0.8164	-0.106	0.011
2	231115630	1.137e-21	A	T	0.1833	0.1057	0.0111
2	231091223	1.379e-21	T	G	0.186	0.1044	0.0109
1	172862234	1.381e-21	A	G	0.2358	0.1697	0.0178
2	231110582	1.448e-21	C	T	0.8153	-0.1047	0.011
19	49207206	1.686e-21	A	G	0.4889	0.106	0.0111
13	42839783	1.795e-21	T	C	0.1501	0.1164	0.0122
1	172853460	1.983e-21	C	T	0.7664	-0.1695	0.0178
1	172838848	2.7e-21	C	T	0.3025	0.0952	0.01
2	231109329	3.272e-21	T	C	0.1887	0.1025	0.0108
2	231114990	3.874e-21	C	G	0.8167	-0.1042	0.011
1	172808808	4.183e-21	C	G	0.7073	-0.094	0.01
6	21438889	5.733e-21	C	A	0.5182	0.105	0.0112
2	231098040	1.03e-20	A	G	0.1899	0.1018	0.0109
12	6493100	1.24e-20	G	T	0.5616	-0.1042	0.0112
2	231161026	1.348e-20	T	C	0.2618	0.0915	0.0098
6	21430728	1.416e-20	T	C	0.5372	0.0985	0.0106
2	231115790	1.583e-20	G	A	0.828	-0.1048	0.0113
2	231088084	1.934e-20	A	C	0.175	0.1035	0.0112
2	231115454	1.981e-20	G	C	0.82	-0.1105	0.0119
19	49208865	2.046e-20	G	A	0.5119	-0.1005	0.0108
19	49214274	2.115e-20	G	A	0.5187	-0.1009	0.0109
2	231106935	2.154e-20	G	T	0.8267	-0.1036	0.0112
19	49211969	2.675e-20	T	C	0.4911	0.0996	0.0108
1	172810806	3.21e-20	T	C	0.4919	-0.0947	0.0103
16	11406792	3.536e-20	C	A	0.8386	0.1122	0.0122
19	49208978	3.711e-20	A	G	0.4874	0.1002	0.0109
19	49207792	3.962e-20	G	A	0.5112	-0.0996	0.0108
19	49209226	3.984e-20	G	A	0.5112	-0.1	0.0109
1	172831286	5.102e-20	G	C	0.3296	0.097	0.0106
16	11428643	5.364e-20	C	G	0.8387	0.1116	0.0122
2	231089943	6.175e-20	T	C	0.1748	0.1021	0.0112
1	172828480	1.573e-19	A	C	0.4923	-0.0929	0.0103
2	231115196	1.959e-19	T	G	0.3123	0.0932	0.0103
2	231114593	2.231e-19	C	G	0.3124	0.0922	0.0102
2	231111772	5.927e-19	C	G	0.6874	-0.0909	0.0102
13	42910319	6.386e-19	G	A	0.8539	-0.1102	0.0124
2	231114453	7.569e-19	G	A	0.688	-0.0908	0.0102
1	172854266	8.091e-19	T	C	0.4696	0.0903	0.0102
1	172864224	8.88e-19	A	G	0.4593	0.0903	0.0102
1	172850365	8.987e-19	C	T	0.5744	-0.0898	0.0101
2	231148128	9.886e-19	A	G	0.2605	0.0873	0.0099
2	231110737	1.2560000000000001e-18	C	T	0.6864	-0.0901	0.0102
2	231114180	1.375e-18	A	G	0.3122	0.0901	0.0102
2	231112105	1.645e-18	A	T	0.3121	0.0897	0.0102
2	231111063	2.087e-18	C	A	0.6864	-0.0897	0.0102
2	231111422	2.128e-18	A	G	0.3136	0.0895	0.0102
1	172852913	4.891e-18	A	G	0.4694	0.088	0.0102
1	172852483	5.969e-18	T	G	0.4705	0.0879	0.0102
2	231150806	7.206e-18	C	T	0.5713	-0.0917	0.0106
13	42870973	8.821e-18	G	A	0.8547	-0.1095	0.0127
13	42862423	9.035e-18	C	T	0.8539	-0.1069	0.0125
13	42885268	1.031e-17	A	G	0.1465	0.1061	0.0124
13	42901736	1.261e-17	A	G	0.1465	0.1058	0.0124
13	42913020	1.481e-17	T	A	0.8546	-0.106	0.0124
13	42870010	1.668e-17	C	T	0.8535	-0.1054	0.0124
13	42861364	1.737e-17	C	T	0.8536	-0.1055	0.0124
13	42911207	1.87e-17	C	T	0.8545	-0.106	0.0125
13	42855604	2.023e-17	C	A	0.8535	-0.1054	0.0124
13	42866183	2.099e-17	G	A	0.8536	-0.1052	0.0124
13	42852989	2.219e-17	C	T	0.8542	-0.1056	0.0125
13	42841176	2.371e-17	G	A	0.8517	-0.104	0.0123
13	42914081	2.463e-17	C	A	0.8555	-0.1059	0.0125
13	42866795	3.239e-17	A	G	0.1458	0.1052	0.0125
13	42879349	3.368e-17	T	C	0.1459	0.1049	0.0124
13	42890109	3.471e-17	G	T	0.8543	-0.1049	0.0125
13	42872779	3.817e-17	C	T	0.8542	-0.1048	0.0124
13	42841313	3.937e-17	T	C	0.1484	0.1033	0.0123
13	42890378	4.106e-17	C	T	0.8543	-0.105	0.0125
13	42857280	4.109e-17	C	T	0.8542	-0.1049	0.0125
13	42872325	4.116e-17	A	G	0.1458	0.1047	0.0125
13	42920520	4.268e-17	G	A	0.8619	-0.1076	0.0128
4	103001649	4.418e-17	G	T	0.9352	-0.1601	0.0191
2	231131387	4.538e-17	G	A	0.7616	-0.0823	0.0098
13	42886868	4.561e-17	A	G	0.1458	0.1046	0.0125
13	42872719	4.569e-17	A	G	0.1458	0.1046	0.0125
13	42882620	4.748e-17	C	T	0.8539	-0.1044	0.0124
13	42877265	5.186e-17	G	C	0.8536	-0.104	0.0124
13	42867117	5.343e-17	A	G	0.1461	0.1044	0.0125
2	231187167	6.587e-17	A	G	0.2745	0.0816	0.0098
13	42898193	6.649e-17	T	C	0.1458	0.104	0.0124
13	42858164	6.673e-17	A	G	0.1458	0.1042	0.0125
16	11406519	7.069e-17	C	T	0.8387	0.1006	0.012
16	11412926	7.272e-17	C	A	0.8391	0.1008	0.0121
13	42870531	7.517e-17	A	T	0.8544	-0.104	0.0125
16	11403963	7.677e-17	G	T	0.8391	0.1006	0.0121
16	11406544	8.003e-17	G	C	0.8386	0.1004	0.012
16	11415117	1.199e-16	C	T	0.839	0.0998	0.0121
2	231113499	1.231e-16	G	A	0.8282	-0.1485	0.0179
6	128280358	1.252e-16	T	G	0.15	0.1063	0.0128
6	159496713	1.296e-16	G	T	0.4062	0.0888	0.0107
13	42922414	1.3e-16	C	T	0.8615	-0.1062	0.0128
16	11403766	1.44e-16	C	T	0.8393	0.0996	0.0121
6	20809890	1.708e-16	T	C	0.6239	-0.0888	0.0108
16	11398265	1.715e-16	T	G	0.1859	-0.0926	0.0112
2	27730940	1.979e-16	T	C	0.5571	-0.0689	0.0084
16	11442710	2.152e-16	G	A	0.1863	-0.0928	0.0113
13	42920990	2.418e-16	G	A	0.862	-0.1066	0.013
3	18765978	2.469e-16	T	C	0.1425	0.1116	0.0136
13	42904995	2.595e-16	C	G	0.1459	0.1033	0.0126
16	11443424	2.738e-16	C	A	0.1865	-0.0925	0.0113
16	11379938	2.867e-16	A	G	0.1875	-0.0913	0.0112
16	11455993	2.987e-16	T	C	0.6828	0.0832	0.0102
13	42855429	2.987e-16	G	C	0.1459	0.1034	0.0127
16	11396779	3.159e-16	G	A	0.8149	0.0917	0.0112
16	11395915	3.194e-16	G	A	0.8149	0.0916	0.0112
6	20800635	3.358e-16	G	C	0.2393	0.0873	0.0107
13	42923203	3.446e-16	G	C	0.8616	-0.1048	0.0129
16	11391710	3.519e-16	G	A	0.8147	0.0914	0.0112
16	11382695	3.615e-16	C	T	0.8145	0.091	0.0112
16	11445818	3.952e-16	T	C	0.8138	0.0922	0.0113
2	231177904	4.014e-16	T	C	0.2754	0.0796	0.0098
16	11389589	4.12e-16	G	A	0.8148	0.0913	0.0112
16	11445040	4.349e-16	G	A	0.1866	-0.0917	0.0113
13	42922426	4.353e-16	G	T	0.8435	-0.0982	0.0121
16	11379775	4.393e-16	T	C	0.1863	-0.0919	0.0113
16	11445640	4.478e-16	G	A	0.1863	-0.0919	0.0113
16	11365500	4.991e-16	C	T	0.7132	0.0875	0.0108
13	42924647	5.848e-16	G	A	0.8617	-0.1036	0.0128
16	11377234	5.923e-16	G	A	0.8145	0.0904	0.0112
2	231122057	6.055e-16	T	G	0.2369	0.0786	0.0097
16	11749774	6.41e-16	A	C	0.2649	-0.0883	0.0109
16	11382756	6.449e-16	T	G	0.186	-0.0899	0.0111
13	42938329	8.579e-16	A	G	0.1378	0.1055	0.0131
13	42838908	1.016e-15	T	G	0.1412	0.1003	0.0125
16	11380670	1.138e-15	C	G	0.1851	-0.0893	0.0112
16	11380945	1.237e-15	C	T	0.8148	0.0893	0.0112
16	11361202	1.258e-15	A	G	0.3081	-0.0815	0.0102
6	20826011	1.356e-15	G	A	0.7564	-0.0788	0.0099
6	128278233	1.375e-15	C	T	0.8541	-0.0923	0.0116
1	172857623	1.569e-15	T	G	0.4662	0.0854	0.0107
16	11359680	1.67e-15	C	T	0.6925	0.0808	0.0101
6	128280931	1.767e-15	G	A	0.8533	-0.0912	0.0115
13	42841305	1.885e-15	C	G	0.1467	0.1017	0.0128
6	128280375	2.111e-15	A	T	0.8516	-0.0904	0.0114
6	20790477	2.122e-15	C	T	0.7507	-0.0789	0.0099
16	11373405	2.195e-15	G	T	0.8153	0.0891	0.0112
16	11358018	2.196e-15	G	A	0.6923	0.0806	0.0102
16	11437779	2.261e-15	C	T	0.3107	-0.0796	0.01
13	42923012	2.636e-15	C	T	0.8444	-0.0963	0.0122
6	128270067	2.853e-15	C	T	0.8533	-0.0913	0.0116
6	20817357	2.935e-15	A	T	0.3749	0.082	0.0104
1	155140648	2.98e-15	C	T	0.5155	-0.0882	0.0112
3	18796784	3.004e-15	C	T	0.859	-0.1055	0.0134
6	159470417	3.114e-15	G	A	0.3587	0.0835	0.0106
6	128287158	3.167e-15	C	T	0.8541	-0.0911	0.0116
6	159470242	3.225e-15	G	T	0.3581	0.0834	0.0106
16	11455606	3.229e-15	G	C	0.67490000000000006	0.0803	0.0102
16	11373320	3.269e-15	C	T	0.8153	0.0895	0.0114
16	11357331	3.28e-15	A	C	0.308	-0.0802	0.0102
6	128277151	3.377e-15	A	G	0.1469	0.0893	0.0113
6	159470058	3.455e-15	G	A	0.4391	0.0846	0.0107
6	159468565	3.834e-15	G	A	0.4303	0.0844	0.0107
6	128287848	4.042e-15	G	A	0.8528	-0.0897	0.0114
16	11383519	4.062e-15	T	C	0.6604	0.0788	0.01
16	11371759	4.234e-15	C	T	0.8148	0.0876	0.0112
6	20804563	4.33e-15	T	C	0.244	0.0772	0.0098
13	42922259	4.43e-15	G	A	0.8444	-0.0953	0.0122
6	159469252	4.583e-15	C	T	0.4303	0.0839	0.0107
6	159470559	4.918e-15	A	T	0.6413	-0.0826	0.0105
6	20810047	5.036e-15	T	C	0.6256	-0.0812	0.0104
16	11385011	5.884e-15	C	T	0.8142	0.0909	0.0116
6	128294055	6.209e-15	C	T	0.8535	-0.0907	0.0116
19	49171306	6.324e-15	C	T	0.5617	-0.0851	0.0109
6	20882544	6.696e-15	C	T	0.7713	-0.0806	0.0104
13	42857572	6.907e-15	G	A	0.8545	-0.101	0.013
6	128270123	7.507e-15	G	A	0.8534	-0.091	0.0117
6	159469574	7.698e-15	A	G	0.5698	-0.0837	0.0108
3	18805211	8.08e-15	T	C	0.1361	0.1026	0.0132
6	128293932	8.241e-15	C	A	0.8538	-0.0896	0.0115
3	18785287	8.515e-15	T	C	0.247	0.0832	0.0107
6	20827828	8.757e-15	G	A	0.3759	0.0804	0.0104
1	172875618	8.994e-15	T	A	0.3768	0.0774	0.01
6	20817623	9.388e-15	C	T	0.3761	0.0804	0.0104
6	20827072	9.505e-15	G	A	0.3759	0.0803	0.0104
3	18791708	9.599e-15	C	T	0.8584	-0.1001	0.0129
3	18796563	9.814e-15	G	C	0.8585	-0.0998	0.0129
6	21393645	9.83e-15	A	G	0.3875	0.0825	0.0107
1	172886500	1.01e-14	C	A	0.6242	-0.0771	0.01
1	155130391	1.029e-14	G	A	0.5298	-0.0862	0.0111
6	20717121	1.036e-14	A	G	0.4334	0.0808	0.0105
6	20826281	1.05e-14	C	A	0.3759	0.0804	0.0104
13	42915692	1.16e-14	G	C	0.1439	0.099	0.0128
2	62550524	1.406e-14	G	A	0.4245	0.085	0.011
6	128245765	1.525e-14	G	T	0.8721	-0.0985	0.0128
19	49218111	1.565e-14	G	T	0.4906	-0.0822	0.0107
6	128289214	1.628e-14	C	T	0.8551	-0.0872	0.0114
6	20811091	1.671e-14	C	T	0.6731	-0.078	0.0102
16	11363389	1.684e-14	C	G	0.532	0.0824	0.0107
3	18804821	1.932e-14	C	T	0.8584	-0.0991	0.0129
1	155142229	2.024e-14	G	A	0.5162	-0.083	0.0109
3	18822622	2.027e-14	G	A	0.8617	-0.1001	0.0131
3	18809802	2.045e-14	G	T	0.8597	-0.0991	0.013
3	18811972	2.063e-14	A	C	0.1381	0.1002	0.0131
3	18772770	2.084e-14	C	T	0.8577	-0.0995	0.013
6	128288536	2.185e-14	T	C	0.148	0.0853	0.0112
2	27746832	2.251e-14	A	C	0.3754	-0.0814	0.0107
6	20818478	2.542e-14	G	A	0.3761	0.08	0.0105
2	27743423	2.616e-14	G	A	0.6249	0.0808	0.0106
3	18825074	2.701e-14	T	A	0.8605	-0.0996	0.0131
6	20828334	2.713e-14	T	C	0.3295	0.0773	0.0102
6	20824421	2.736e-14	A	G	0.3282	0.0772	0.0101
1	155135335	2.801e-14	T	C	0.4843	0.0825	0.0108
1	172914284	2.811e-14	G	C	0.623	-0.0783	0.0103
3	18779049	2.846e-14	A	T	0.8586	-0.0982	0.0129
6	20825396	2.888e-14	C	T	0.6723	-0.0775	0.0102
1	172884872	2.922e-14	T	G	0.3771	0.0757	0.01
1	172874991	2.961e-14	C	G	0.4116	0.0766	0.0101
6	20819976	3.035e-14	C	T	0.673	-0.077	0.0101
3	18777891	3.102e-14	T	G	0.1419	0.0981	0.0129
6	159474624	3.119e-14	C	A	0.352	0.079	0.0104
3	18776086	3.166e-14	C	G	0.8587	-0.0993	0.0131
3	18779058	3.245e-14	G	T	0.7534	-0.0812	0.0107
2	231116874	3.263e-14	C	T	0.8339	-0.1522	0.0201
3	18825669	3.514e-14	T	A	0.861	-0.0997	0.0132
3	18824615	3.542e-14	A	G	0.1387	0.0997	0.0132
7	28200097	3.545e-14	C	T	0.505	0.0791	0.0104
6	20822131	3.605e-14	C	T	0.6724	-0.0768	0.0101
6	159474265	3.74e-14	T	C	0.6493	-0.0779	0.0103
2	231116417	3.741e-14	T	A	0.8331	-0.1504	0.0199
19	49218602	3.826e-14	C	T	0.4915	-0.0809	0.0107
6	20821662	3.847e-14	T	C	0.3295	0.0766	0.0101
3	18808469	3.902e-14	C	G	0.8589	-0.0998	0.0132
6	20818539	3.988e-14	T	A	0.624	-0.0794	0.0105
6	20813765	4.01e-14	C	T	0.6724	-0.0767	0.0102
13	42883145	4.098e-14	A	G	0.1444	0.1001	0.0132
6	159472295	4.133e-14	G	A	0.3546	0.0783	0.0104
7	28192280	4.22e-14	C	T	0.4987	0.0804	0.0106
6	20825504	4.228e-14	A	G	0.3282	0.0767	0.0102
3	18825612	4.333e-14	G	A	0.8621	-0.0996	0.0132
6	159475270	4.349e-14	G	A	0.3563	0.0778	0.0103
7	26821129	4.371e-14	T	C	0.3485	0.0807	0.0107
6	20826750	4.519e-14	C	T	0.6716	-0.0767	0.0102
1	172911160	4.544e-14	C	T	0.6234	-0.0751	0.01
1	155139509	4.554e-14	T	C	0.4843	0.0818	0.0108
1	155135406	4.556e-14	G	A	0.5156	-0.0819	0.0109
3	18821564	4.623e-14	C	T	0.8631	-0.1061	0.0141
1	172882449	4.643e-14	A	G	0.4144	0.0758	0.0101
6	20823506	4.752e-14	A	G	0.3283	0.0763	0.0101
7	28194397	4.832e-14	C	A	0.4986	0.0787	0.0104
19	49103447	5.049e-14	C	T	0.6171	-0.0815	0.0108
13	42893986	5.073e-14	C	T	0.8556	-0.0993	0.0132
6	20824829	5.197e-14	A	G	0.3285	0.0766	0.0102
6	20815480	5.439e-14	C	T	0.673	-0.0763	0.0101
6	20806005	5.477e-14	A	T	0.672	-0.0763	0.0101
6	159473574	5.753e-14	A	G	0.6489	-0.0774	0.0103
3	18767056	5.797e-14	C	T	0.8547	-0.0992	0.0132
1	172878675	5.943e-14	T	C	0.4157	0.0752	0.01
3	18799878	5.952e-14	C	T	0.8593	-0.0987	0.0131
3	18800046	6.003e-14	C	T	0.75	-0.0807	0.0107
6	20822510	6.1e-14	G	A	0.6721	-0.0794	0.0106
6	20815260	6.167e-14	C	T	0.6725	-0.076	0.0101
1	172916875	6.233e-14	G	T	0.6229	-0.0747	0.01
1	172881827	6.933e-14	G	A	0.5867	-0.0755	0.0101
6	159472149	6.984e-14	G	A	0.355	0.0775	0.0104
7	28196222	7.578e-14	A	G	0.5017	-0.0781	0.0104
3	18704284	7.773e-14	G	C	0.44	0.0829	0.0111
3	18768851	7.923e-14	T	C	0.1423	0.0964	0.0129
1	172892361	7.939e-14	C	G	0.586	-0.0751	0.0101
16	11347858	7.989e-14	T	C	0.3155	-0.077	0.0103
3	18769171	8.143e-14	C	A	0.8573	-0.0959	0.0128
7	26821320	8.182e-14	C	A	0.6516	-0.0797	0.0107
3	18770794	8.497e-14	G	T	0.855	-0.0955	0.0128
1	155138557	8.795e-14	A	G	0.4837	0.0815	0.0109
3	18741802	8.93e-14	A	G	0.1424	0.0958	0.0129
3	18770579	9.056e-14	C	G	0.145	0.0956	0.0128
16	11384829	9.114e-14	C	T	0.8162	0.0857	0.0115
6	20820391	9.149e-14	C	A	0.8122	0.0877	0.0118
12	6502742	9.314e-14	G	A	0.5907	-0.0764	0.0103
6	128297611	9.394e-14	C	T	0.8536	-0.0862	0.0116
6	128266250	9.735e-14	T	G	0.1464	0.0834	0.0112
1	172926299	9.849e-14	C	T	0.6235	-0.0742	0.01
2	231097129	1.001e-13	T	C	0.1739	0.1453	0.0195
1	172922738	1.038e-13	T	C	0.3812	0.0741	0.01
3	18765505	1.04e-13	T	A	0.145	0.0952	0.0128
6	159473761	1.068e-13	G	A	0.3555	0.0766	0.0103
3	18771944	1.16e-13	T	C	0.1449	0.0951	0.0128
1	172892952	1.17e-13	A	C	0.4174	0.0741	0.01
7	28198677	1.195e-13	C	T	0.5051	0.0775	0.0104
16	11347048	1.259e-13	T	C	0.3154	-0.076	0.0103
3	18766397	1.288e-13	A	G	0.1449	0.0947	0.0128
19	49227043	1.29e-13	G	A	0.5016	-0.0784	0.0106
2	145481827	1.337e-13	A	G	0.0764	-0.1356	0.0183
3	18737317	1.378e-13	A	G	0.1424	0.0953	0.0129
7	28185891	1.469e-13	T	C	0.5004	-0.0774	0.0105
6	20811620	1.522e-13	C	T	0.6723	-0.0755	0.0102
3	18767368	1.592e-13	C	T	0.855	-0.0946	0.0128
19	49228272	1.627e-13	T	C	0.4992	0.0779	0.0106
1	172921276	1.694e-13	C	T	0.6227	-0.0736	0.01
1	172921727	1.724e-13	G	A	0.623	-0.0735	0.01
3	18766818	1.728e-13	A	G	0.1427	0.0947	0.0129
1	172903845	1.814e-13	T	A	0.6218	-0.0768	0.0104
1	172921404	1.984e-13	T	C	0.3808	0.0734	0.01
19	49227443	2.021e-13	C	T	0.5007	-0.0777	0.0106
3	18745464	2.207e-13	G	C	0.1423	0.0955	0.013
22	37258503	2.244e-13	T	C	0.3266	0.0784	0.0107
1	172922893	2.395e-13	G	A	0.6229	-0.0731	0.01
7	28196413	2.596e-13	G	A	0.5043	0.0764	0.0105
16	11455181	2.743e-13	G	C	0.3732	-0.0762	0.0104
6	20825018	2.964e-13	T	C	0.3283	0.0749	0.0103
16	11352313	3.6e-13	A	T	0.4795	-0.0782	0.0108
2	27725761	3.778e-13	C	T	0.6309	0.077	0.0106
1	172905751	4.014e-13	A	G	0.4173	0.073	0.0101
1	172917116	4.194e-13	G	A	0.5848	-0.073	0.0101
2	231130887	4.281e-13	C	T	0.587	-0.0746	0.0103
3	18786871	4.501e-13	G	A	0.7488	-0.08	0.0111
2	231183321	4.524e-13	G	A	0.5956	-0.0747	0.0103
16	11458471	5.117e-13	A	T	0.1998	-0.08	0.0111
2	231106724	5.421e-13	C	T	0.8452	-0.1457	0.0202
16	11738037	5.436e-13	C	A	0.7419	0.0824	0.0114
1	172904990	5.471e-13	T	C	0.4158	0.0727	0.0101
19	46849806	5.731e-13	G	T	0.7036	0.074	0.0103
6	128217774	5.771e-13	T	C	0.1261	0.09	0.0125
3	18771310	6.229e-13	C	T	0.8573	-0.0937	0.013
7	26850776	6.39e-13	C	T	0.7624	-0.0766	0.0107
1	172915392	6.608e-13	G	A	0.5856	-0.0721	0.01
4	103188709	6.64e-13	C	T	0.92	-0.2023	0.0282
2	231180468	6.777e-13	C	A	0.5952	-0.0741	0.0103
4	102926923	6.96e-13	G	A	0.9403	-0.1401	0.0195
4	103144890	7e-13	A	G	0.2226	0.0798	0.0111
1	172900734	7.32e-13	A	G	0.4134	0.0716	0.01
6	159485066	7.422e-13	T	G	0.6975	-0.0737	0.0103
7	26885885	7.619e-13	C	G	0.763	-0.0789	0.011
7	28172732	8.111e-13	C	T	0.499	0.0746	0.0104
12	6502260	8.123e-13	C	T	0.5952	-0.0729	0.0102
7	26904928	8.134e-13	A	G	0.2295	0.0773	0.0108
12	6490381	8.252e-13	T	C	0.3813	0.076	0.0106
19	49116076	8.543e-13	C	G	0.6114	-0.077	0.0108
1	155433942	8.771e-13	T	C	0.6787	-0.0825	0.0115
3	18767579	8.855e-13	G	A	0.8561	-0.0941	0.0132
1	155164480	9.199e-13	C	A	0.541	0.0785	0.011
6	20774759	9.275e-13	G	A	0.6684	-0.0711	0.01
3	18787256	9.75e-13	A	G	0.2511	0.0792	0.0111
6	20753441	1.016e-12	C	T	0.6671	-0.0712	0.01
3	18773395	1.044e-12	A	G	0.1412	0.1009	0.0142
7	26829759	1.089e-12	A	G	0.2379	0.0759	0.0107
7	26828965	1.092e-12	G	C	0.2379	0.0759	0.0107
7	26872581	1.096e-12	C	T	0.7626	-0.0765	0.0107
7	26819465	1.099e-12	C	T	0.7625	-0.076	0.0107
19	49114236	1.177e-12	T	G	0.6095	-0.0747	0.0105
7	26837940	1.215e-12	C	G	0.2382	0.0758	0.0107
2	231174420	1.225e-12	G	A	0.5952	-0.0732	0.0103
7	26827815	1.25e-12	T	C	0.2378	0.0757	0.0107
1	155318308	1.329e-12	G	C	0.3134	0.082	0.0116
7	26766851	1.366e-12	T	C	0.7453	-0.0747	0.0105
1	172927741	1.373e-12	C	G	0.5855	-0.0708	0.01
2	27600239	1.405e-12	G	A	0.6322	0.0748	0.0106
7	26830263	1.423e-12	C	T	0.7621	-0.0755	0.0107
2	145492382	1.434e-12	C	G	0.9176	0.1216	0.0172
7	26772491	1.471e-12	G	A	0.2549	0.0743	0.0105
7	26795073	1.541e-12	A	G	0.7456	-0.0744	0.0105
7	26756162	1.556e-12	G	A	0.2547	0.0744	0.0105
7	26793215	1.588e-12	C	T	0.2544	0.0743	0.0105
7	26830555	1.603e-12	T	C	0.2379	0.0753	0.0107
6	20821489	1.619e-12	G	A	0.8124	0.0761	0.0108
7	26773364	1.625e-12	G	T	0.2544	0.0743	0.0105
7	26722155	1.677e-12	G	T	0.2553	0.0747	0.0106
7	26789472	1.688e-12	T	C	0.7456	-0.0743	0.0105
7	26729205	1.704e-12	T	C	0.7449	-0.0744	0.0105
7	26736220	1.721e-12	A	G	0.745	-0.0743	0.0105
7	26753074	1.863e-12	C	T	0.2547	0.0742	0.0105
16	11456266	1.871e-12	C	T	0.201	-0.0781	0.0111
1	155138222	1.914e-12	T	C	0.4842	0.0766	0.0109
7	26825984	2.031e-12	A	G	0.2371	0.0751	0.0107
2	145527778	2.059e-12	C	T	0.9161	0.1188	0.0169
7	26904770	2.062e-12	C	T	0.7707	-0.076	0.0108
7	26832986	2.177e-12	A	G	0.2387	0.0746	0.0106
7	26782564	2.216e-12	C	T	0.254	0.0738	0.0105
16	11415289	2.217e-12	C	T	0.84	0.09	0.0128
7	26904330	2.323e-12	C	G	0.2291	0.0761	0.0108
7	26826757	2.396e-12	T	A	0.7621	-0.0746	0.0106
7	26845386	2.413e-12	C	A	0.7621	-0.0749	0.0107
7	26853470	2.428e-12	T	C	0.2379	0.0748	0.0107
7	26833563	2.428e-12	C	T	0.7626	-0.0747	0.0107
7	26830201	2.429e-12	T	C	0.2378	0.0747	0.0107
7	26803955	2.604e-12	A	G	0.4512	0.0755	0.0108
6	128329861	2.63e-12	A	G	0.15	0.0846	0.0121
7	26847762	2.639e-12	C	T	0.7621	-0.0747	0.0107
7	26851074	2.7e-12	A	G	0.2378	0.0746	0.0107
7	26802085	2.704e-12	T	C	0.2546	0.0738	0.0106
14	103887868	2.858e-12	C	T	0.6424	0.0723	0.0104
7	26822876	2.868e-12	G	C	0.2379	0.0744	0.0107
7	26756424	2.919e-12	G	C	0.7456	-0.0741	0.0106
16	11455169	3.092e-12	C	G	0.371	-0.0741	0.0106
7	26861353	3.112e-12	A	G	0.2378	0.0745	0.0107
7	26852998	3.3e-12	G	A	0.7622	-0.0743	0.0107
7	26856525	3.495e-12	T	C	0.2378	0.0743	0.0107
7	26856959	3.543e-12	T	A	0.2378	0.0743	0.0107
7	26856720	3.544e-12	C	T	0.7623	-0.0743	0.0107
7	26857120	3.562e-12	C	T	0.7621	-0.0742	0.0107
6	20733389	3.706e-12	G	A	0.3743	-0.0722	0.0104
7	26861031	3.756e-12	T	C	0.2378	0.0742	0.0107
7	26851361	3.821e-12	A	G	0.2377	0.0743	0.0107
7	26860633	3.992e-12	G	C	0.7619	-0.0741	0.0107
1	155095300	4.185e-12	T	C	0.4629	0.0755	0.0109
7	26828653	4.269e-12	C	T	0.7639	-0.077	0.0111
7	26897439	4.325e-12	T	C	0.2381	0.0741	0.0107
7	26860134	4.335e-12	T	C	0.2365	0.0761	0.011
7	26894860	4.562e-12	A	T	0.2379	0.0741	0.0107
7	26893524	4.577e-12	T	C	0.2389	0.0738	0.0107
1	172919080	4.643e-12	G	T	0.5826	-0.0698	0.0101
7	26775626	4.735e-12	A	C	0.4996	-0.0734	0.0106
7	26897640	4.849e-12	A	G	0.2385	0.0739	0.0107
1	155175892	4.886e-12	A	G	0.5342	0.0761	0.011
7	26887615	4.988e-12	C	T	0.7621	-0.0738	0.0107
7	26853830	5.044e-12	A	G	0.2379	0.0739	0.0107
7	26794980	5.115e-12	C	G	0.5488	-0.0736	0.0107
6	20623971	5.129e-12	G	A	0.4989	-0.0711	0.0103
7	26856600	5.182e-12	T	C	0.2379	0.0739	0.0107
7	26889862	5.202e-12	A	G	0.238	0.0738	0.0107
6	20623004	5.535e-12	C	A	0.4998	-0.0709	0.0103
16	11704651	5.537e-12	C	A	0.5294	-0.0744	0.0108
4	102896591	5.903e-12	T	G	0.07	0.124	0.018
7	26854828	5.931e-12	A	G	0.2372	0.0735	0.0107
6	20736237	5.955e-12	C	A	0.155	-0.0823	0.012
7	26890672	5.981e-12	T	C	0.2381	0.0734	0.0107
6	20614759	6.009e-12	C	T	0.2001	-0.0763	0.0111
1	155473356	6.013e-12	C	T	0.3242	0.0794	0.0115
7	26891831	6.094e-12	T	G	0.2381	0.0736	0.0107
7	28162674	6.172e-12	C	T	0.5107	0.0712	0.0104
7	26861640	6.292e-12	G	A	0.7645	-0.0739	0.0108
7	26857240	6.307e-12	A	G	0.2376	0.0734	0.0107
6	159475833	6.335e-12	C	T	0.3731	0.0703	0.0102
7	26892325	6.336e-12	G	A	0.7629	-0.0735	0.0107
6	20625100	6.336e-12	T	C	0.5013	0.0709	0.0103
1	155095158	6.438e-12	A	G	0.463	0.0746	0.0109
6	20625101	6.509e-12	G	A	0.4988	-0.0708	0.0103
7	26698194	6.535e-12	T	C	0.7496	-0.0733	0.0107
6	20630081	6.612e-12	A	G	0.5008	0.0707	0.0103
7	26852212	6.626e-12	C	T	0.7621	-0.0734	0.0107
6	159482521	6.708e-12	C	T	0.3025	0.068	0.0099
7	26819917	6.752e-12	T	A	0.3503	0.0726	0.0106
1	172871384	6.787e-12	C	T	0.5557	-0.1098	0.016
7	26798581	6.812e-12	G	A	0.2541	0.0724	0.0106
7	26866497	6.903e-12	C	T	0.7627	-0.0734	0.0107
6	20625267	6.906e-12	T	C	0.5011	0.0706	0.0103
6	20619830	6.979e-12	T	C	0.7972	0.0753	0.011
2	62554797	7.015e-12	A	G	0.5844	-0.0724	0.0106
6	20611926	7.032e-12	A	G	0.7977	0.0752	0.011
19	49223633	7.04e-12	C	G	0.4297	-0.0739	0.0108
7	26854026	7.074e-12	T	C	0.2379	0.0733	0.0107
7	26877567	7.083e-12	T	C	0.238	0.0733	0.0107
1	155258752	7.202e-12	G	A	0.6846	-0.0775	0.0113
1	155172379	7.243e-12	G	A	0.4656	-0.0755	0.011
7	26854996	7.524e-12	G	C	0.7617	-0.0733	0.0107
7	26888277	7.766e-12	T	C	0.238	0.0731	0.0107
6	20744727	7.781e-12	C	T	0.6719	-0.0679	0.0099
7	26853934	7.888e-12	T	C	0.2371	0.0731	0.0107
7	26854266	7.912e-12	C	T	0.7621	-0.0732	0.0107
1	155478897	8.185e-12	T	C	0.6794	-0.0789	0.0115
7	26844852	8.482e-12	A	T	0.7637	-0.075	0.011
7	26884671	8.526e-12	A	T	0.2375	0.0731	0.0107
7	26861201	8.569e-12	T	C	0.2355	0.0761	0.0111
6	20824830	8.624e-12	C	T	0.6723	-0.0739	0.0108
6	20624358	8.693e-12	T	C	0.5013	0.0702	0.0103
6	20630472	8.783e-12	G	A	0.4995	-0.0702	0.0103
7	26776874	9.19e-12	G	A	0.3672	0.0721	0.0106
7	26892531	9.331e-12	G	A	0.7653	-0.0758	0.0111
5	72539850	9.383e-12	C	A	0.6202	0.0752	0.011
7	26776999	9.572e-12	C	T	0.3672	0.0721	0.0106
7	26860324	9.609e-12	T	C	0.2379	0.0729	0.0107
7	26853741	9.615e-12	A	G	0.2377	0.0729	0.0107
7	26887942	9.819e-12	T	A	0.7619	-0.0728	0.0107
6	128256981	9.88e-12	T	C	0.099	0.095	0.014
7	26747041	9.881e-12	G	A	0.4953	0.073	0.0107
6	159484776	9.893e-12	T	C	0.6966	-0.0688	0.0101
7	26827627	1.037e-11	G	T	0.6501	-0.0719	0.0106
3	18783947	1.038e-11	G	C	0.7514	-0.0759	0.0112
5	72541598	1.056e-11	A	C	0.381	-0.0754	0.0111
5	72543213	1.08e-11	G	T	0.6189	0.0753	0.0111
7	26820850	1.081e-11	T	C	0.35	0.0719	0.0106
7	26855732	1.09e-11	G	A	0.7621	-0.0727	0.0107
6	20629858	1.091e-11	G	C	0.4993	-0.0698	0.0103
2	27839539	1.122e-11	T	C	0.2864	0.0723	0.0106
1	155852123	1.132e-11	C	T	0.3328	0.0787	0.0116
7	26861206	1.141e-11	C	T	0.7621	-0.0726	0.0107
1	155218365	1.142e-11	T	C	0.2517	0.0808	0.0119
7	26877536	1.164e-11	A	G	0.2381	0.0726	0.0107
19	49248730	1.23e-11	G	A	0.4294	0.0721	0.0106
7	26882067	1.257e-11	G	A	0.7628	-0.0724	0.0107
7	26881292	1.27e-11	T	C	0.238	0.0724	0.0107
5	72543056	1.304e-11	A	G	0.3812	-0.0751	0.0111
7	26777849	1.323e-11	G	A	0.368	0.0716	0.0106
7	26895065	1.334e-11	T	C	0.2378	0.0726	0.0107
7	26887069	1.337e-11	T	C	0.2375	0.0722	0.0107
1	155850558	1.339e-11	T	C	0.6659	-0.0786	0.0116
1	155846528	1.383e-11	C	T	0.3333	0.0785	0.0116
1	155850811	1.396e-11	G	A	0.3337	0.0784	0.0116
7	26855282	1.408e-11	G	A	0.7621	-0.0723	0.0107
7	26787642	1.45e-11	G	A	0.2537	0.0712	0.0105
6	20626409	1.452e-11	A	G	0.5008	0.0695	0.0103
7	26774969	1.461e-11	A	G	0.6325	-0.0714	0.0106
19	49216224	1.469e-11	G	C	0.6431	0.071	0.0105
6	159485211	1.48e-11	G	C	0.6965	-0.0685	0.0102
7	26895080	1.513e-11	A	T	0.7623	-0.0726	0.0108
7	26711104	1.531e-11	C	T	0.7492	-0.0719	0.0107
19	49206417	1.577e-11	A	G	0.4418	0.1088	0.0161
7	26819774	1.605e-11	T	C	0.5289	-0.0709	0.0105
10	112186148	1.608e-11	C	T	0.6799	-0.1147	0.017
6	20623401	1.619e-11	T	G	0.5003	0.0695	0.0103
4	103212512	1.637e-11	C	T	0.7771	-0.0753	0.0112
7	26869888	1.681e-11	G	A	0.7624	-0.0729	0.0108
7	26778732	1.695e-11	G	A	0.4972	0.071	0.0106
2	231081405	1.698e-11	T	C	0.3325	-0.0741	0.011
3	18779648	1.712e-11	G	A	0.7519	-0.0702	0.0104
2	231190247	1.73e-11	T	C	0.5724	-0.0681	0.0101
1	172901724	1.755e-11	T	C	0.4107	0.0723	0.0107
5	72545909	1.772e-11	T	C	0.3815	-0.0744	0.0111
3	18784569	1.779e-11	G	A	0.7518	-0.0703	0.0105
3	18704299	1.846e-11	A	G	0.4462	0.0779	0.0116
3	18797957	1.865e-11	T	C	0.2482	0.0705	0.0105
3	18792994	1.871e-11	T	C	0.2482	0.0704	0.0105
3	18788123	1.873e-11	T	C	0.248	0.0701	0.0104
3	18797044	1.885e-11	T	C	0.248	0.0704	0.0105
6	20640871	2.02e-11	T	C	0.8288	0.0815	0.0122
6	159485742	2.039e-11	G	A	0.3085	0.068	0.0101
1	155822971	2.04e-11	C	T	0.3395	0.0784	0.0117
3	18781000	2.049e-11	G	A	0.752	-0.0702	0.0105
7	26770394	2.094e-11	T	C	0.5048	-0.071	0.0106
7	26744599	2.115e-11	A	C	0.5055	-0.0713	0.0106
2	231099170	2.151e-11	C	T	0.6841	0.0717	0.0107
3	18791103	2.163e-11	G	A	0.7519	-0.07	0.0105
19	49206462	2.186e-11	C	T	0.5596	-0.1084	0.0162
16	11350155	2.318e-11	C	A	0.727	-0.0729	0.0109
7	26694926	2.324e-11	G	A	0.7498	-0.0716	0.0107
7	26903661	2.382e-11	C	T	0.7668	-0.0717	0.0107
5	72550088	2.45e-11	T	G	0.3814	-0.0739	0.0111
7	26861609	2.467e-11	G	A	0.7621	-0.0714	0.0107
7	26754389	2.486e-11	T	C	0.5061	-0.0708	0.0106
19	49206172	2.656e-11	C	T	0.5583	-0.1076	0.0162
1	155138450	2.678e-11	C	T	0.5145	-0.0777	0.0117
7	26777723	2.69e-11	G	A	0.3674	0.0706	0.0106
12	6492649	2.852e-11	A	C	0.7324	0.0717	0.0108
19	49217305	2.892e-11	A	G	0.358	-0.0701	0.0105
3	18799274	2.903e-11	T	G	0.2482	0.0698	0.0105
7	26793597	2.904e-11	C	T	0.494	0.0704	0.0106
7	26768482	3.057e-11	C	T	0.4915	0.0704	0.0106
1	155162067	3.135e-11	C	T	0.4612	-0.0737	0.0111
1	172923494	3.165e-11	G	T	0.5889	-0.0727	0.0109
7	26724279	3.177e-11	T	G	0.7454	-0.0714	0.0108
7	26735911	3.258e-11	A	C	0.5044	-0.0707	0.0107
1	155055496	3.381e-11	A	G	0.5731	0.0708	0.0107
3	18785087	3.525e-11	C	T	0.7519	-0.0692	0.0104
7	26869880	3.591e-11	C	T	0.7629	-0.0709	0.0107
13	42871503	3.625e-11	G	C	0.8573	-0.0916	0.0138
19	49206108	3.709e-11	C	G	0.5583	-0.1068	0.0162
6	20734076	3.775e-11	A	C	0.3293	0.066	0.01
7	26725389	4.084e-11	C	T	0.4946	0.0703	0.0106
19	49206145	4.201e-11	G	C	0.5583	-0.1065	0.0162
2	231115603	4.463e-11	T	C	0.2989	0.112	0.017
12	58378795	4.518e-11	C	T	0.3289	-0.0778	0.0118
2	62568221	4.687e-11	A	G	0.6101	-0.0691	0.0105
7	28224053	4.833e-11	A	G	0.6454	-0.0676	0.0103
7	26900356	4.895e-11	C	A	0.7659	-0.0703	0.0107
2	27801493	5.025e-11	T	C	0.2723	0.0707	0.0108
12	6510853	5.027e-11	A	G	0.4147	0.0653	0.0099
7	26886309	5.245e-11	T	A	0.7649	-0.0721	0.011
7	26901740	5.246e-11	T	C	0.2344	0.0704	0.0107
3	18798299	5.379e-11	C	A	0.7489	-0.0696	0.0106
13	42891396	5.391e-11	G	A	0.8654	-0.1221	0.0186
7	26730200	5.613e-11	C	A	0.2535	0.0706	0.0108
6	128283094	5.917e-11	T	C	0.5193	-0.0714	0.0109
3	18783097	6.015e-11	G	A	0.7489	-0.069	0.0105
3	18794424	6.044e-11	A	G	0.2521	0.0735	0.0112
16	11707571	6.078e-11	G	A	0.5309	-0.0715	0.0109
7	26855959	6.183e-11	T	C	0.2355	0.0721	0.011
2	62568445	6.187e-11	G	C	0.6101	-0.0688	0.0105
7	26855284	6.265e-11	C	A	0.7626	-0.0724	0.0111
1	172930064	6.279e-11	T	C	0.3971	0.0649	0.0099
7	28223990	6.335e-11	T	C	0.6454	-0.0672	0.0103
7	26787343	6.62e-11	C	T	0.4938	0.0692	0.0106
3	18797740	6.726e-11	C	T	0.7488	-0.0686	0.0105
7	26734838	6.773e-11	C	T	0.4945	0.0694	0.0106
2	231188054	7.027e-11	C	G	0.5717	-0.0669	0.0103
7	26831409	7.118e-11	C	A	0.7638	-0.0747	0.0115
1	155914772	7.532e-11	C	T	0.7547	-0.0728	0.0112
3	18793358	7.628e-11	T	C	0.2511	0.0686	0.0105
6	128217951	7.978e-11	G	T	0.9023	-0.0926	0.0143
3	18790702	8.032e-11	G	T	0.7488	-0.068	0.0105
2	62560332	8.067e-11	A	G	0.6249	-0.0669	0.0103
19	49104308	8.116e-11	C	T	0.6171	-0.0723	0.0111
1	155728088	8.168e-11	A	T	0.3474	0.0769	0.0118
20	39908689	8.249e-11	C	T	0.6945	0.0706	0.0109
2	27706640	8.771e-11	T	C	0.3907	-0.0691	0.0107
19	49214274	8.798e-11	G	A	0.5394	-0.1053	0.0162
3	18796360	8.943e-11	T	C	0.2511	0.0683	0.0105
12	6487161	8.982e-11	T	C	0.2799	0.0688	0.0106
1	172880359	9.073e-11	A	T	0.6481	-0.1082	0.0167
1	155065159	9.24e-11	G	A	0.4712	-0.0716	0.0111
2	231116577	9.252e-11	C	T	0.6882	0.0695	0.0107
3	18684046	9.268e-11	A	G	0.3378	0.0722	0.0112
7	26852860	9.791e-11	G	A	0.7621	-0.0716	0.0111
7	26767430	9.992e-11	T	C	0.6709	-0.0684	0.0106
3	18798444	1.009e-10	C	T	0.7487	-0.0681	0.0105
7	26780199	1.014e-10	T	C	0.547	-0.0678	0.0105
3	18776062	1.033e-10	G	A	0.749	-0.0676	0.0105
6	159487455	1.053e-10	C	T	0.3203	0.0674	0.0104
5	72541687	1.097e-10	G	A	0.6199	0.0712	0.011
1	155413304	1.112e-10	C	A	0.2929	0.0745	0.0115
7	26854375	1.126e-10	A	G	0.2379	0.0693	0.0107
1	155914988	1.135e-10	C	T	0.7543	-0.0722	0.0112
6	20571750	1.136e-10	T	C	0.3173	0.0658	0.0102
6	20542221	1.144e-10	G	A	0.6832	-0.0656	0.0102
6	20601785	1.153e-10	C	T	0.6785	-0.0668	0.0104
6	128215237	1.186e-10	C	G	0.9023	-0.0918	0.0143
1	155427062	1.224e-10	T	A	0.3301	0.0754	0.0117
3	18799516	1.248e-10	G	A	0.7487	-0.0678	0.0105
7	26816648	1.269e-10	A	G	0.4524	0.0681	0.0106
6	20689945	1.323e-10	G	A	0.2058	-0.1264	0.0197
6	20581828	1.356e-10	A	G	0.3203	0.0653	0.0102
3	18800243	1.374e-10	C	A	0.7487	-0.0677	0.0105
16	11454650	1.383e-10	C	A	0.8054	0.0708	0.011
7	28232457	1.385e-10	A	G	0.6459	-0.0661	0.0103
16	11363692	1.399e-10	A	G	0.4543	-0.0647	0.0101
1	155194980	1.429e-10	T	C	0.5104	0.0705	0.011
7	28142088	1.481e-10	A	G	0.5185	-0.068	0.0106
1	155501014	1.502e-10	T	C	0.671	-0.0753	0.0118
19	49222483	1.513e-10	C	G	0.3617	-0.0672	0.0105
3	18799947	1.535e-10	C	T	0.7487	-0.0674	0.0105
3	18785585	1.555e-10	G	C	0.7492	-0.0669	0.0104
2	62570243	1.597e-10	T	C	0.5452	-0.0682	0.0107
6	128281861	1.606e-10	C	A	0.5702	-0.0676	0.0106
7	26881177	1.61e-10	G	A	0.7619	-0.0708	0.0111
3	18670160	1.635e-10	T	C	0.3392	0.0736	0.0115
7	28190121	1.657e-10	C	T	0.8904	-0.0869	0.0136
6	20728731	1.676e-10	T	C	0.7952	0.1255	0.0196
6	20715861	1.683e-10	G	A	0.2068	-0.1265	0.0198
3	18798848	1.687e-10	T	C	0.2517	0.0688	0.0108
1	155935244	1.694e-10	C	A	0.7566	-0.073	0.0114
5	72523428	1.732e-10	T	C	0.3227	-0.0711	0.0111
7	26860741	1.748e-10	T	C	0.2367	0.0701	0.011
1	155289545	1.795e-10	T	G	0.2538	0.0725	0.0114
7	26812754	1.801e-10	T	C	0.452	0.067	0.0105
6	159489791	1.804e-10	G	A	0.3742	0.1044	0.0164
3	18800926	1.876e-10	G	T	0.7486	-0.0673	0.0106
7	28159696	1.965e-10	C	T	0.3702	0.0687	0.0108
1	155286258	1.968e-10	C	T	0.7461	-0.0726	0.0114
19	34656406	1.972e-10	C	T	0.6301	0.0675	0.0106
19	49209010	2.005e-10	T	C	0.4675	0.1027	0.0161
7	26793094	2.019e-10	C	T	0.4519	0.0668	0.0105
6	20625491	2.051e-10	G	T	0.1271	-0.084	0.0132
7	26793064	2.056e-10	C	T	0.4519	0.0668	0.0105
1	155931368	2.068e-10	G	A	0.3404	0.0721	0.0113
7	26813025	2.106e-10	T	C	0.4515	0.0668	0.0105
6	128284130	2.161e-10	G	A	0.4878	0.0685	0.0108
7	26775702	2.168e-10	T	C	0.5409	-0.0669	0.0105
7	26793448	2.179e-10	T	A	0.4524	0.0668	0.0105
7	28182306	2.201e-10	T	C	0.1098	0.0864	0.0136
6	20560435	2.209e-10	A	T	0.3146	0.0648	0.0102
3	18801054	2.282e-10	G	A	0.7486	-0.0668	0.0105
7	26769702	2.295e-10	A	G	0.5475	-0.0669	0.0105
1	155880159	2.32e-10	T	C	0.2464	0.0715	0.0113
6	20585121	2.331e-10	C	G	0.6789	-0.0642	0.0101
1	155279482	2.332e-10	T	G	0.2538	0.0729	0.0115
1	155890581	2.367e-10	G	A	0.3392	0.0716	0.0113
6	128339699	2.398e-10	A	G	0.1487	0.0795	0.0126
3	18751611	2.425e-10	G	A	0.8278	-0.0769	0.0121
7	26815636	2.47e-10	T	C	0.452	0.0665	0.0105
6	20589370	2.479e-10	T	G	0.3222	0.0693	0.011
7	26799874	2.507e-10	A	C	0.3379	0.0674	0.0107
1	155230131	2.52e-10	C	T	0.7386	-0.0745	0.0118
6	20603008	2.544e-10	G	C	0.6805	-0.0644	0.0102
7	26881302	2.559e-10	T	G	0.2367	0.0694	0.011
7	26815857	2.622e-10	T	C	0.4521	0.0663	0.0105
6	159465977	2.638e-10	T	C	0.5663	-0.1014	0.016
19	49209566	2.683e-10	A	G	0.4655	0.1032	0.0163
19	34670725	2.705e-10	T	C	0.3724	-0.0654	0.0104
1	155787867	2.76e-10	C	T	0.7143	-0.0761	0.0121
6	20539211	2.78e-10	T	C	0.3197	0.0633	0.01
3	18756731	2.785e-10	G	A	0.8277	-0.0765	0.0121
7	28154822	2.799e-10	A	G	0.6351	-0.0678	0.0107
16	11476225	2.818e-10	T	C	0.3611	-0.0648	0.0103
1	155862966	2.879e-10	T	C	0.6586	-0.0712	0.0113
7	26764618	2.946e-10	C	T	0.3394	0.0675	0.0107
7	26851400	2.952e-10	C	T	0.7643	-0.0724	0.0115
1	155197268	2.953e-10	T	C	0.5109	0.0699	0.0111
7	26793515	2.964e-10	G	A	0.4526	0.0663	0.0105
6	20589727	2.965e-10	A	G	0.3218	0.0639	0.0101
7	26788153	2.984e-10	G	T	0.4519	0.0662	0.0105
7	26790969	2.996e-10	C	T	0.4519	0.0662	0.0105
1	155880391	3.035e-10	T	C	0.2464	0.0712	0.0113
3	18753080	3.062e-10	G	A	0.8284	-0.0789	0.0125
3	18706858	3.067e-10	G	A	0.6629	-0.0715	0.0114
5	72559339	3.076e-10	T	G	0.4013	-0.0692	0.011
1	155940948	3.171e-10	T	G	0.7499	-0.0707	0.0112
7	28259233	3.207e-10	T	C	0.2204	0.0716	0.0114
1	155946399	3.247e-10	A	C	0.7512	-0.0708	0.0113
1	155284586	3.262e-10	T	A	0.7466	-0.0726	0.0116
5	72515051	3.326e-10	T	C	0.3224	-0.0698	0.0111
7	26742148	3.336e-10	A	T	0.5483	-0.0665	0.0106
7	26747064	3.371e-10	C	T	0.4526	0.0663	0.0106
2	62549902	3.377e-10	G	T	0.6398	-0.0697	0.0111
1	155389688	3.413e-10	C	T	0.7305	-0.0749	0.0119
16	11361895	3.426e-10	C	G	0.5327	0.0647	0.0103
16	11436696	3.437e-10	C	T	0.5495	-0.0666	0.0106
7	26740461	3.457e-10	A	T	0.4528	0.0662	0.0106
3	141102833	3.468e-10	G	A	0.5668	-0.0654	0.0104
6	20556335	3.533e-10	C	T	0.6805	-0.0639	0.0102
5	72518148	3.54e-10	T	C	0.3222	-0.0696	0.0111
7	26816201	3.567e-10	T	C	0.4519	0.066	0.0105
7	26726320	3.618e-10	A	G	0.5481	-0.0663	0.0106
7	26812669	3.626e-10	A	G	0.4521	0.0657	0.0105
7	28181129	3.697e-10	C	T	0.8902	-0.0852	0.0136
19	49224484	3.703e-10	C	T	0.6382	0.0656	0.0105
7	26811840	3.72e-10	A	G	0.452	0.0657	0.0105
6	20629491	3.783e-10	G	A	0.127	-0.0827	0.0132
1	155880008	3.787e-10	G	C	0.7536	-0.0709	0.0113
7	26811306	3.909e-10	A	G	0.452	0.0658	0.0105
7	26800646	3.971e-10	A	C	0.4528	0.0656	0.0105
7	26730869	4.002e-10	T	A	0.4523	0.066	0.0106
7	26818164	4.027e-10	A	G	0.3385	0.0667	0.0107
1	155899020	4.039e-10	A	T	0.3389	0.071	0.0114
1	155860091	4.047e-10	G	A	0.3421	0.0708	0.0113
5	72518452	4.2e-10	A	G	0.3223	-0.0694	0.0111
16	11348211	4.206e-10	C	G	0.2838	0.0653	0.0105
1	155891045	4.29e-10	A	C	0.6634	-0.0704	0.0113
7	26853846	4.299e-10	A	G	0.4743	-0.0674	0.0108
7	26815776	4.314e-10	G	A	0.6618	-0.0669	0.0107
16	11367477	4.433e-10	G	A	0.4878	-0.055	0.0088
7	26814173	4.438e-10	T	C	0.338	0.0666	0.0107
6	20678430	4.499e-10	G	C	0.7925	0.1175	0.0188
7	26787836	4.523e-10	C	T	0.4525	0.0664	0.0107
7	26785832	4.546e-10	T	C	0.662	-0.0666	0.0107
13	43040043	4.548e-10	G	A	0.4755	0.0674	0.0108
16	11464263	4.596e-10	G	A	0.8052	0.0687	0.011
3	18677698	4.776e-10	T	A	0.3381	0.0696	0.0112
5	72532422	4.798e-10	C	G	0.2579	-0.0688	0.011
7	26794831	4.874e-10	T	C	0.5485	-0.0654	0.0105
1	155345043	4.897e-10	A	G	0.2693	0.0723	0.0116
6	20586039	4.943e-10	A	G	0.3166	0.064	0.0103
7	26742154	4.985e-10	T	C	0.6609	-0.0672	0.0108
7	28150689	5.057e-10	T	C	0.632	-0.0674	0.0108
3	18760884	5.081e-10	G	A	0.8279	-0.0774	0.0124
1	155322142	5.108e-10	G	A	0.7393	-0.0725	0.0117
2	231092533	5.115e-10	G	A	0.6723	0.0665	0.0107
6	20598507	5.119e-10	A	C	0.3196	0.0633	0.0102
1	155282829	5.143e-10	A	G	0.2677	0.0713	0.0115
7	26791287	5.209e-10	C	A	0.3383	0.0665	0.0107
7	26790937	5.229e-10	G	A	0.3383	0.0663	0.0107
7	26744101	5.236e-10	C	T	0.4532	0.0657	0.0106
1	155944189	5.287e-10	T	G	0.7515	-0.0698	0.0112
6	159490436	5.312e-10	C	T	0.4032	0.1015	0.0163
16	11460480	5.33e-10	C	T	0.2212	-0.0698	0.0112
7	26814394	5.345e-10	T	C	0.4522	0.0655	0.0105
1	155197462	5.353e-10	C	T	0.4924	-0.0687	0.0111
5	72521202	5.358e-10	A	G	0.3221	-0.0691	0.0111
13	42997574	5.374e-10	G	A	0.2431	0.0659	0.0106
7	26784600	5.418e-10	T	A	0.3382	0.0666	0.0107
7	26811191	5.559e-10	T	C	0.4526	0.0654	0.0105
2	27703495	5.608e-10	A	G	0.3966	-0.0661	0.0107
2	27742603	5.7490000000000005e-10	T	C	0.5867	-0.0986	0.0159
3	18758203	5.759e-10	A	G	0.1727	0.0749	0.0121
3	18759213	5.818e-10	A	C	0.1727	0.0751	0.0121
7	26811484	5.879e-10	C	T	0.6617	-0.0663	0.0107
3	18762113	5.917e-10	C	T	0.8306	-0.0773	0.0125
3	18756369	5.935e-10	A	C	0.1727	0.0749	0.0121
7	26762452	6.012e-10	T	G	0.5473	-0.065	0.0105
4	102702364	6.069e-10	T	G	0.0554	0.1205	0.0195
1	155959303	6.07e-10	G	A	0.7532	-0.0719	0.0116
6	21439343	6.139e-10	C	A	0.523	0.0993	0.016
7	26785016	6.159e-10	A	T	0.338	0.0661	0.0107
19	49236102	6.183e-10	T	C	0.4992	0.0655	0.0106
5	72528922	6.279e-10	A	C	0.3224	-0.0685	0.0111
7	26798067	6.3e-10	T	C	0.5475	-0.065	0.0105
3	18758419	6.309e-10	A	G	0.1727	0.0749	0.0121
3	18756230	6.328e-10	G	A	0.8273	-0.0748	0.0121
3	18758646	6.371e-10	C	T	0.8273	-0.0748	0.0121
1	155888666	6.393e-10	A	G	0.2433	0.0698	0.0113
7	26803163	6.397e-10	A	C	0.3384	0.0661	0.0107
3	141105570	6.439e-10	A	G	0.4323	0.0644	0.0104
7	26792512	6.493e-10	A	G	0.5506	-0.0649	0.0105
5	72527849	6.541e-10	T	C	0.3224	-0.0686	0.0111
3	18760244	6.575e-10	A	G	0.1727	0.0748	0.0121
1	155364327	6.838e-10	T	C	0.2697	0.0718	0.0116
7	26722010	6.881e-10	G	A	0.4532	0.0655	0.0106
1	155951502	6.889e-10	A	G	0.2488	0.0692	0.0112
7	26695880	6.958e-10	C	G	0.6636	-0.0687	0.0111
3	18761189	7.002e-10	C	T	0.8295	-0.0747	0.0121
7	26884135	7.137e-10	A	C	0.2373	0.0684	0.0111
3	18752892	7.227e-10	G	A	0.8273	-0.0746	0.0121
7	26722643	7.255e-10	A	G	0.547	-0.0654	0.0106
3	18759119	7.343e-10	G	C	0.8273	-0.0747	0.0121
1	155429725	7.494e-10	A	C	0.2696	0.0712	0.0116
7	26711817	7.522e-10	A	C	0.5508	-0.0648	0.0105
6	20737354	7.53e-10	C	T	0.5952	-0.062	0.0101
5	72524578	7.605e-10	T	C	0.3217	-0.0685	0.0111
3	18763701	7.722e-10	T	A	0.1674	0.0778	0.0126
2	231106244	7.773e-10	G	C	0.6722	0.0659	0.0107
3	18762789	7.774e-10	A	G	0.1727	0.0749	0.0122
16	11433811	7.778e-10	C	A	0.2854	0.0678	0.011
5	72529325	7.806e-10	C	T	0.6777	0.0681	0.0111
7	28166534	7.872e-10	G	A	0.3845	0.0657	0.0107
7	26800710	7.926e-10	C	T	0.5474	-0.0646	0.0105
7	26787577	8.214e-10	C	T	0.3369	0.0668	0.0109
5	72525986	8.379e-10	G	A	0.6784	0.0682	0.0111
13	43034968	8.4e-10	G	C	0.4623	0.071	0.0116
1	155868625	8.535e-10	G	A	0.7559	-0.0695	0.0113
5	72520535	8.693e-10	C	T	0.6776	0.0683	0.0111
19	49239026	8.696e-10	T	C	0.4731	0.065	0.0106
3	18762932	8.724e-10	G	A	0.8273	-0.0743	0.0121
13	42996548	8.727e-10	G	T	0.4707	0.066	0.0108
19	49241976	8.914e-10	A	G	0.473	0.0652	0.0106
1	155873314	8.977e-10	T	C	0.663	-0.0694	0.0113
13	43011160	8.987e-10	T	G	0.7573	-0.0652	0.0106
12	6495275	9.064e-10	C	A	0.2572	-0.0662	0.0108
7	26793350	9.088e-10	A	C	0.5462	-0.0644	0.0105
13	42997324	9.178e-10	G	A	0.241	0.0654	0.0107
2	231113949	9.182e-10	C	G	0.7357	0.0672	0.011
7	26814023	9.22e-10	T	C	0.453	0.0645	0.0105
3	18757683	9.248e-10	T	A	0.8269	-0.0742	0.0121
1	155429490	9.265e-10	A	T	0.2697	0.0712	0.0116
3	18759430	9.338e-10	G	A	0.8277	-0.075	0.0123
7	26895456	9.378e-10	G	A	0.7622	-0.0682	0.0111
3	18760449	9.414e-10	T	A	0.8273	-0.0744	0.0122
7	26747964	9.472e-10	A	G	0.5458	-0.0647	0.0106
5	72541096	9.897e-10	G	A	0.7408	0.0676	0.0111
7	26774325	9.926e-10	G	A	0.4514	0.0673	0.011
1	155407096	9.949e-10	C	T	0.7318	-0.0708	0.0116
7	28146305	9.983e-10	G	C	0.6131	-0.0668	0.0109
3	18752923	1.007e-9	C	T	0.8273	-0.074	0.0121
5	72551337	1.052e-9	A	C	0.2602	-0.0675	0.0111
1	155224301	1.061e-9	C	A	0.7474	-0.0696	0.0114
2	231156940	1.062e-9	T	A	0.9454	-0.1194	0.0196
7	26789814	1.084e-9	G	A	0.4539	0.0639	0.0105
3	18759714	1.095e-9	C	T	0.8295	-0.0742	0.0122
1	155260383	1.118e-9	G	T	0.7343	-0.0685	0.0112
7	26804018	1.136e-9	G	C	0.6619	-0.0654	0.0107
5	72546478	1.157e-9	A	G	0.2605	-0.0673	0.0111
1	155542942	1.174e-9	A	G	0.27	0.0718	0.0118
7	26812428	1.177e-9	A	C	0.4535	0.0641	0.0105
7	26725984	1.216e-9	G	A	0.454	0.0644	0.0106
5	72549518	1.222e-9	G	A	0.7407	0.0673	0.0111
1	155262613	1.25e-9	C	G	0.2648	0.0692	0.0114
7	26833021	1.256e-9	G	A	0.5325	0.0654	0.0108
16	11354820	1.266e-9	C	T	0.7266	-0.0631	0.0104
7	26695215	1.297e-9	T	C	0.6239	-0.067	0.011
5	72549745	1.298e-9	A	G	0.26	-0.0671	0.0111
13	43007194	1.34e-9	C	T	0.2473	0.0642	0.0106
7	28230401	1.389e-9	A	C	0.1073	0.0827	0.0136
3	18753476	1.402e-9	C	G	0.1704	0.0736	0.0121
16	11475000	1.413e-9	T	C	0.4863	-0.0605	0.01
6	159517059	1.43e-9	C	A	0.8583	-0.0795	0.0131
1	155257492	1.496e-9	C	G	0.2666	0.0682	0.0113
3	18756742	1.497e-9	G	A	0.8277	-0.0745	0.0123
2	231118186	1.5e-9	G	A	0.7349	0.0702	0.0116
1	120517959	1.503e-9	G	T	0.898	0.0958	0.0158
6	159514778	1.518e-9	T	C	0.6597	-0.1007	0.0167
1	172826798	1.518e-9	A	G	0.4728	-0.0491	0.0081
1	155260096	1.521e-9	G	A	0.7341	-0.0682	0.0113
19	37472171	1.538e-9	T	C	0.5157	-0.06	0.0099
6	159500004	1.554e-9	A	G	0.6488	-0.0999	0.0165
1	155259323	1.554e-9	C	T	0.7339	-0.0682	0.0113
5	72556379	1.576e-9	C	G	0.2586	-0.0668	0.0111
7	28157664	1.577e-9	G	T	0.3767	0.0647	0.0107
17	25851691	1.636e-9	A	G	0.3411	0.0658	0.0109
16	11476239	1.65e-9	T	C	0.3633	-0.061	0.0101
7	28166455	1.67e-9	G	C	0.3917	0.0658	0.0109
7	28177301	1.676e-9	C	T	0.7812	-0.065	0.0108
7	28161379	1.677e-9	C	A	0.3761	0.0645	0.0107
1	155880952	1.693e-9	G	A	0.3471	0.069	0.0114
3	18706177	1.713e-9	A	G	0.3376	0.0649	0.0108
16	11476151	1.789e-9	A	G	0.4862	-0.0597	0.0099
1	155131673	1.811e-9	A	G	0.402	0.0636	0.0106
14	96640876	1.839e-9	A	G	0.237	0.0643	0.0107
7	28172183	1.846e-9	A	G	0.2238	0.0652	0.0108
1	155103147	1.855e-9	C	A	0.5379	-0.0654	0.0109
1	155080090	1.864e-9	A	G	0.5066	0.0646	0.0107
1	155081940	1.87e-9	T	C	0.5067	0.0647	0.0108
1	155427688	1.975e-9	G	A	0.7252	-0.0982	0.0164
7	26721613	1.988e-9	C	T	0.4544	0.0637	0.0106
16	11362729	2.002e-9	G	A	0.4653	-0.0622	0.0104
13	43046036	2.005e-9	C	T	0.4675	0.0652	0.0109
7	28156887	2.017e-9	C	T	0.7812	-0.0651	0.0108
5	72521734	2.113e-9	G	A	0.7627	0.0668	0.0112
16	11434102	2.113e-9	A	C	0.7156	-0.0641	0.0107
1	155274960	2.122e-9	G	C	0.2637	0.0691	0.0115
7	28176305	2.128e-9	G	A	0.7812	-0.0646	0.0108
13	42987938	2.153e-9	C	T	0.7783	-0.0662	0.0111
1	155124772	2.153e-9	C	A	0.5976	-0.0631	0.0105
13	43046054	2.184e-9	T	C	0.2322	0.066	0.011
1	155424065	2.226e-9	T	C	0.2698	0.0698	0.0117
6	159506121	2.274e-9	T	G	0.653	-0.1001	0.0168
13	43017369	2.281e-9	C	T	0.2347	0.0646	0.0108
5	72554768	2.291e-9	A	G	0.5313	-0.0661	0.0111
13	43012590	2.297e-9	T	C	0.765	-0.0647	0.0108
1	155258756	2.299e-9	C	T	0.7341	-0.0683	0.0114
7	28172014	2.324e-9	C	T	0.7762	-0.065	0.0109
1	155076734	2.341e-9	C	T	0.4943	-0.0642	0.0108
7	28170403	2.344e-9	T	C	0.2237	0.0649	0.0109
5	72521622	2.348e-9	C	G	0.6759	0.0703	0.0118
7	28172739	2.361e-9	T	G	0.2332	0.0643	0.0108
3	18706833	2.41e-9	A	G	0.3369	0.0658	0.011
1	155275727	2.441e-9	C	T	0.7366	-0.0689	0.0115
16	11474660	2.476e-9	T	C	0.4856	-0.0594	0.01
6	20730801	2.486e-9	T	C	0.341	0.0597	0.01
1	155224091	2.506e-9	C	A	0.7472	-0.0668	0.0112
7	26700475	2.607e-9	G	A	0.51	-0.0675	0.0113
13	43032593	2.632e-9	C	T	0.4556	0.0685	0.0115
6	159514127	2.66e-9	T	C	0.6488	-0.0986	0.0166
1	155907823	2.672e-9	T	A	0.3453	0.0675	0.0113
1	155625602	2.722e-9	G	T	0.2673	0.0699	0.0118
6	134599826	2.782e-9	A	G	0.4667	0.0649	0.0109
1	155252833	2.814e-9	G	A	0.7354	-0.0669	0.0113
7	26707657	2.868e-9	C	A	0.4518	0.0631	0.0106
13	42992135	2.88e-9	C	T	0.4701	0.0642	0.0108
1	155132836	2.909e-9	A	G	0.4022	0.0628	0.0106
16	11347199	2.92e-9	A	G	0.2869	0.0649	0.0109
1	155074903	2.962e-9	G	T	0.4953	-0.0638	0.0108
1	155611847	2.963e-9	G	T	0.7331	-0.0699	0.0118
1	155083942	2.977e-9	T	C	0.506	0.0638	0.0108
7	26852053	2.995e-9	C	T	0.652	-0.0672	0.0113
7	26814630	3.061e-9	T	C	0.452	0.0629	0.0106
1	155076043	3.104e-9	C	T	0.495	-0.064	0.0108
13	42992977	3.145e-9	A	G	0.2312	0.0643	0.0109
17	7005915	3.153e-9	G	A	0.9194	0.1012	0.0171
16	11353304	3.177e-9	A	G	0.4802	-0.0605	0.0102
7	28227024	3.292e-9	G	A	0.8945	-0.0815	0.0138
1	155148781	3.295e-9	G	A	0.6464	-0.0624	0.0105
16	11354970	3.315e-9	A	G	0.4802	-0.0605	0.0102
19	49207257	3.347e-9	T	C	0.4695	0.0961	0.0162
1	155253583	3.37e-9	G	A	0.7355	-0.0666	0.0113
7	28152675	3.373e-9	C	T	0.3874	0.0639	0.0108
12	6491125	3.453e-9	G	A	0.6863	-0.1144	0.0194
13	43017470	3.454e-9	T	C	0.7652	-0.0639	0.0108
1	155509107	3.46e-9	C	T	0.7301	-0.0687	0.0116
1	155218446	3.563e-9	A	G	0.2526	0.0664	0.0112
13	42988924	3.599e-9	A	G	0.472	0.064	0.0109
1	155133491	3.626e-9	G	C	0.4019	0.0623	0.0106
1	155466784	3.652e-9	C	G	0.2725	0.0685	0.0116
11	15996395	3.657e-9	A	G	0.4142	-0.0595	0.0101
1	155255837	3.675e-9	T	C	0.2653	0.0664	0.0113
6	20781621	3.699e-9	G	A	0.8978	0.0842	0.0143
1	155520144	3.713e-9	T	C	0.2702	0.0684	0.0116
1	155256231	3.728e-9	A	C	0.2674	0.0666	0.0113
13	42995262	3.73e-9	G	A	0.7687	-0.0641	0.0109
1	155563152	3.748e-9	C	A	0.731	-0.0706	0.012
6	20632766	3.822e-9	T	A	0.3336	0.0609	0.0103
1	155652081	3.897e-9	T	A	0.2673	0.0693	0.0118
13	43035209	3.905e-9	T	C	0.2329	0.064	0.0109
1	155218168	3.943e-9	T	C	0.2527	0.0663	0.0113
7	28243473	3.964e-9	A	G	0.1079	0.0794	0.0135
1	155527013	4.173e-9	T	G	0.27	0.0683	0.0116
13	43017500	4.196e-9	G	C	0.7676	-0.064	0.0109
19	37593096	4.294e-9	G	A	0.5035	0.0587	0.01
11	65653242	4.415e-9	C	T	0.8096	-0.0676	0.0115
6	127457260	4.472e-9	A	G	0.5286	0.0577	0.0098
19	46877975	4.498e-9	C	T	0.6898	0.0592	0.0101
1	155630752	4.629e-9	A	G	0.2669	0.0692	0.0118
12	6503218	4.687e-9	T	G	0.7333	0.0623	0.0106
13	43018898	4.744e-9	G	A	0.2326	0.0638	0.0109
1	155115260	4.787e-9	T	C	0.4074	0.062	0.0106
6	159506600	4.838e-9	C	T	0.3482	0.0975	0.0167
7	28256240	4.848e-9	G	A	0.3723	0.0589	0.0101
19	49233406	4.913e-9	C	A	0.5649	0.0605	0.0103
6	159514253	4.915e-9	T	C	0.6528	-0.0975	0.0167
1	155120012	4.935e-9	A	G	0.4061	0.0621	0.0106
2	231181082	4.94e-9	A	G	0.5345	0.0611	0.0104
6	20812588	5.008e-9	G	A	0.3681	0.0951	0.0163
1	155083717	5.263e-9	A	T	0.5062	0.0631	0.0108
1	155505967	5.347e-9	G	A	0.7301	-0.068	0.0117
13	43016294	5.394e-9	T	G	0.2325	0.0635	0.0109
1	155231545	5.479e-9	T	G	0.2619	0.0674	0.0116
12	6502361	5.552e-9	T	C	0.7331	0.0617	0.0106
1	155540660	5.761e-9	T	G	0.2703	0.0678	0.0116
16	11371279	5.811e-9	T	C	0.2545	0.0602	0.0103
4	102791185	5.812e-9	G	A	0.6548	-0.0608	0.0105
5	156398169	5.912e-9	G	C	0.3631	0.0658	0.0113
16	11379316	5.996e-9	C	T	0.4342	-0.061	0.0105
13	43005533	6.008e-9	G	A	0.2523	0.0608	0.0105
13	43018177	6.026e-9	A	T	0.7674	-0.0633	0.0109
13	43019046	6.061e-9	C	T	0.2326	0.0634	0.0109
1	155106550	6.074e-9	A	G	0.408	0.0616	0.0106
3	18610677	6.185e-9	T	G	0.4102	0.0664	0.0114
1	155106697	6.57e-9	G	A	0.592	-0.0616	0.0106
3	18610175	6.592e-9	G	A	0.69	-0.063	0.0109
3	53139506	6.651e-9	C	T	0.3968	0.0644	0.0111
16	11474750	6.661e-9	C	T	0.6379	0.0586	0.0101
3	18673993	6.694e-9	A	G	0.3415	0.0639	0.011
12	6503786	6.844e-9	T	C	0.7273	0.0614	0.0106
6	127456122	6.879e-9	A	G	0.4203	0.0922	0.0159
20	39968188	7.104e-9	G	A	0.8592	-0.0742	0.0128
6	20625634	7.108e-9	A	G	0.3314	0.0592	0.0102
7	26817044	7.126e-9	C	T	0.6612	-0.0633	0.0109
3	18629489	7.276e-9	C	G	0.3114	0.0654	0.0113
7	26778568	7.289e-9	T	G	0.134	-0.0763	0.0132
1	155829511	7.424e-9	C	T	0.7139	-0.068	0.0118
1	120464165	7.479e-9	C	T	0.876	0.0844	0.0146
3	141140968	7.855e-9	C	T	0.5705	-0.0601	0.0104
4	48260644	8.018e-9	A	G	0.5199	-0.0585	0.0101
7	28178262	8.1e-9	G	T	0.7817	-0.0631	0.0109
13	43008177	8.18e-9	A	G	0.7477	-0.0603	0.0105
1	155248575	8.628e-9	G	A	0.7353	-0.0656	0.0114
1	155234821	8.755e-9	A	G	0.2606	0.0645	0.0112
1	226965174	8.767e-9	G	A	0.4894	0.0633	0.011
5	72555166	8.777e-9	G	A	0.4762	0.0637	0.0111
6	20627777	8.791e-9	C	T	0.6685	-0.0589	0.0102
3	18760020	8.801e-9	A	G	0.1726	0.0699	0.0122
4	102792348	9.247e-9	T	C	0.3463	0.0601	0.0105
6	20627891	9.434e-9	A	G	0.3313	0.059	0.0103
1	155239624	9.538e-9	G	A	0.7352	-0.0651	0.0113
1	155743310	9.812e-9	A	C	0.6512	-0.0752	0.0131
1	155468732	9.938e-9	A	C	0.2714	0.068	0.0119
1	155232074	9.999e-9	C	T	0.7401	-0.0642	0.0112
6	159507026	1.026e-8	C	T	0.5312	0.0594	0.0104
6	159507338	1.03e-8	C	T	0.5309	0.06	0.0105
7	26867957	1.03e-8	C	T	0.5325	0.0614	0.0107
13	42931386	1.063e-8	G	A	0.2883	0.0591	0.0103
19	49116555	1.072e-8	A	G	0.7114	-0.0585	0.0102
4	48363245	1.093e-8	A	G	0.6458	0.0623	0.0109
3	18674261	1.109e-8	C	T	0.5327	-0.0634	0.0111
7	28145031	1.128e-8	T	C	0.6159	-0.0621	0.0109
1	155149718	1.132e-8	G	A	0.6422	-0.0595	0.0104
5	72557530	1.138e-8	T	G	0.2598	-0.062	0.0109
1	155241361	1.145e-8	G	A	0.7354	-0.0652	0.0114
1	155219868	1.212e-8	C	A	0.7475	-0.0652	0.0114
7	28144801	1.224e-8	C	A	0.3884	0.0625	0.011
6	20580196	1.226e-8	C	A	0.6176	-0.0599	0.0105
13	42933855	1.226e-8	T	C	0.7125	-0.0592	0.0104
13	42934811	1.227e-8	G	A	0.2881	0.0594	0.0104
13	42934627	1.238e-8	G	A	0.288	0.0593	0.0104
3	141121814	1.244e-8	A	C	0.435	0.0633	0.0111
1	61767141	1.247e-8	C	A	0.568	0.0597	0.0105
13	43054684	1.265e-8	G	T	0.7673	-0.0622	0.0109
1	172898377	1.278e-8	T	C	0.4089	0.0917	0.0161
2	231149549	1.28e-8	A	G	0.2193	-0.0591	0.0104
6	20629788	1.312e-8	G	C	0.6683	-0.0579	0.0102
1	155843256	1.389e-8	T	G	0.2645	0.0677	0.0119
7	28154384	1.4e-8	C	T	0.8823	-0.0698	0.0123
1	155713650	1.402e-8	T	G	0.2949	0.0682	0.012
4	102865304	1.404e-8	G	A	0.938	-0.173	0.0305
17	25996670	1.427e-8	A	T	0.9818	-0.1914	0.0338
1	155235493	1.432e-8	T	C	0.2602	0.0635	0.0112
16	11439303	1.439e-8	G	T	0.4717	-0.0619	0.0109
6	20626333	1.55e-8	T	C	0.3313	0.0578	0.0102
7	28161033	1.552e-8	C	G	0.7653	-0.0599	0.0106
9	102368541	1.568e-8	T	C	0.2195	-0.0653	0.0115
1	155614815	1.665e-8	A	C	0.2682	0.0679	0.012
1	155412930	1.695e-8	A	G	0.2397	0.0654	0.0116
6	21427317	1.714e-8	C	A	0.4404	-0.0895	0.0159
16	11391190	1.729e-8	G	C	0.2619	0.0559	0.0099
1	155249698	1.735e-8	G	T	0.7354	-0.0641	0.0114
6	128269313	1.777e-8	A	G	0.0547	0.1134	0.0201
6	20602380	1.819e-8	A	G	0.3841	0.0591	0.0105
2	231132721	1.917e-8	C	T	0.9613	-0.1228	0.0219
13	42965837	1.936e-8	A	G	0.4729	-0.0628	0.0112
1	155903408	1.938e-8	C	T	0.3408	0.064	0.0114
9	120475302	1.964e-8	A	G	0.0576	0.1061	0.0189
19	49218060	2.058e-8	C	T	0.5592	-0.0914	0.0163
1	155956903	2.077e-8	C	G	0.2593	0.063	0.0112
13	73254212	2.09e-8	C	T	0.6853	-0.0598	0.0107
6	20756444	2.124e-8	G	A	0.8951	0.0794	0.0142
1	155248113	2.129e-8	A	T	0.7337	-0.0641	0.0114
20	39743905	2.149e-8	G	A	0.8446	-0.0695	0.0124
3	18667622	2.168e-8	G	A	0.6618	-0.0566	0.0101
1	155947875	2.201e-8	A	G	0.7413	-0.0627	0.0112
6	21008153	2.208e-8	C	T	0.4237	-0.0584	0.0104
13	43008994	2.265e-8	C	T	0.2445	0.0595	0.0106
2	68979141	2.3e-8	A	C	0.3033	0.0584	0.0105
1	155076505	2.312e-8	A	G	0.5082	0.0606	0.0108
1	155337338	2.313e-8	T	C	0.2763	0.1005	0.018
11	65663239	2.347e-8	T	C	0.8063	-0.0641	0.0115
1	155960185	2.39e-8	A	G	0.7415	-0.0627	0.0112
19	49214470	2.423e-8	T	C	0.4012	-0.0931	0.0167
7	28142186	2.424e-8	G	T	0.6617	-0.0578	0.0104
19	49250197	2.455e-8	T	C	0.4603	-0.058	0.0104
1	155663326	2.477e-8	C	T	0.761	-0.0679	0.0122
4	48263941	2.484e-8	G	T	0.5209	-0.0561	0.0101
6	20585656	2.485e-8	C	T	0.6171	-0.0583	0.0105
2	231133578	2.526e-8	C	T	0.9569	-0.1196	0.0215
6	20809717	2.574e-8	G	A	0.9305	0.0985	0.0177
1	155151493	2.66e-8	C	T	0.5823	-0.0606	0.0109
6	20607684	2.674e-8	A	T	0.6168	-0.0585	0.0105
16	11373336	2.785e-8	T	C	0.2552	0.061	0.011
1	155412037	2.812e-8	C	T	0.7604	-0.0645	0.0116
4	48318390	2.848e-8	G	A	0.5402	0.058	0.0104
7	26848278	2.868e-8	A	G	0.5143	-0.0594	0.0107
16	11385329	2.902e-8	C	T	0.7396	-0.055	0.0099
19	49244219	2.923e-8	C	A	0.5567	0.0594	0.0107
13	43051804	2.939e-8	T	A	0.2443	0.059	0.0106
19	49249443	2.96e-8	A	T	0.5565	0.0573	0.0103
16	11392772	3.004e-8	C	T	0.2618	0.0557	0.0101
3	18621182	3.026e-8	C	T	0.6889	-0.0615	0.0111
1	155735012	3.13e-8	T	C	0.2949	0.0662	0.012
9	102337331	3.205e-8	G	A	0.7832	0.063	0.0114
5	156380067	3.216e-8	T	G	0.6593	-0.0603	0.0109
3	18627431	3.254e-8	T	C	0.3113	0.0556	0.0101
1	155151754	3.26e-8	A	T	0.4195	0.0601	0.0109
1	155214473	3.302e-8	A	G	0.31	0.0616	0.0112
11	16007047	3.372e-8	G	T	0.4671	0.0546	0.0099
1	155206341	3.417e-8	T	G	0.3136	0.0613	0.0111
3	18616112	3.539e-8	C	T	0.6889	-0.0553	0.01
19	49250538	3.579e-8	A	G	0.4607	-0.0576	0.0104
13	42977809	3.729e-8	C	T	0.7785	-0.061	0.0111
13	43009566	3.758e-8	C	G	0.2445	0.0587	0.0107
18	20070591	3.787e-8	C	T	0.7537	-0.0595	0.0108
3	18675418	3.848e-8	C	T	0.6378	-0.0597	0.0109
6	21427143	3.901e-8	T	C	0.5606	0.0872	0.0159
15	81046125	3.935e-8	A	G	0.6722	0.0582	0.0106
7	28238811	3.988e-8	A	G	0.1047	0.0729	0.0133
1	120463230	3.994e-8	C	T	0.8727	0.0798	0.0145
6	159512373	4.022e-8	G	A	0.5334	0.0559	0.0102
9	244457	4.119e-8	G	A	0.4552	0.0583	0.0106
3	18621307	4.191e-8	C	T	0.689	-0.0547	0.01
6	127404759	4.271e-8	G	C	0.7752	-0.0626	0.0114
9	34736875	4.278e-8	C	T	0.8563	0.0714	0.013
1	155947930	4.321e-8	C	T	0.753	-0.0663	0.0121
3	18764304	4.364e-8	T	C	0.279	0.0566	0.0103
2	62550511	4.564e-8	C	T	0.5762	0.0589	0.0108
19	49249888	4.569e-8	G	A	0.5573	0.0564	0.0103
22	41791536	4.625e-8	T	C	0.4593	-0.0538	0.0099
6	20745074	4.713e-8	G	T	0.5536	-0.0551	0.0101
19	49250657	4.927e-8	C	G	0.4612	-0.057	0.0105
9	34716188	5.124e-8	T	A	0.8683	0.0745	0.0137
4	103284865	5.166e-8	C	T	0.9189	-0.1501	0.0276
13	42978035	5.23e-8	G	A	0.7784	-0.0604	0.0111
13	42896099	5.273e-8	T	C	0.1288	0.1173	0.0216
19	49183705	5.315e-8	G	A	0.3631	-0.061	0.0112
1	155658085	5.324e-8	T	C	0.2924	0.0701	0.0129
19	49247963	5.346e-8	G	T	0.5564	0.058	0.0107
3	18625543	5.402e-8	T	C	0.3113	0.0545	0.01
19	49244220	5.767e-8	G	A	0.5578	0.0561	0.0103
7	26862139	5.79e-8	T	G	0.5135	-0.0582	0.0107
3	18618013	5.797e-8	G	A	0.689	-0.0536	0.0099
6	159515309	5.845e-8	T	G	0.67490000000000006	-0.0937	0.0173
19	49249814	5.9e-8	C	A	0.5573	0.0559	0.0103
3	18628860	5.964e-8	A	G	0.311	0.0544	0.01
3	18629315	6.006e-8	T	C	0.3111	0.054	0.01
6	20643727	6.018e-8	G	A	0.1957	-0.1085	0.02
1	155213124	6.259e-8	T	A	0.6861	-0.062	0.0115
6	21462277	6.293e-8	C	T	0.5171	0.0863	0.0159
1	155706217	6.324e-8	T	G	0.4173	0.092	0.017
1	155667102	6.357e-8	G	A	0.7615	-0.0662	0.0122
6	159512260	6.474e-8	C	T	0.5201	0.0545	0.0101
6	128286386	6.494e-8	G	A	0.8601	-0.1086	0.0201
6	159515077	6.599e-8	A	G	0.637	-0.0893	0.0165
1	172935443	6.627e-8	G	A	0.5941	0.0549	0.0102
16	11368749	6.657e-8	C	T	0.4371	-0.0605	0.0112
3	18687110	6.755e-8	C	A	0.6633	-0.0514	0.0095
7	26701002	6.775e-8	A	C	0.5495	-0.0588	0.0109
7	26738984	6.787e-8	C	T	0.4512	0.06	0.0111
19	49247900	6.803e-8	G	A	0.5572	0.0556	0.0103
3	18617276	6.818e-8	A	G	0.3118	0.053900000000000003	0.01
7	26818890	6.829e-8	T	C	0.4534	0.0578	0.0107
6	159499748	6.922e-8	T	C	0.7124	-0.0487	0.009
9	34710084	6.944e-8	A	C	0.1293	-0.0741	0.0137
16	11440032	6.975e-8	C	T	0.7398	-0.0545	0.0101
1	155927752	7.085e-8	G	A	0.8027	-0.0654	0.0121
19	49247693	7.125e-8	C	T	0.5569	0.0553	0.0103
1	172900586	7.302e-8	C	T	0.5907	-0.0862	0.016
4	102716709	7.356e-8	G	A	0.4673	0.0571	0.0106
6	159515270	7.3900000000000007e-08	G	T	0.5284	0.058	0.0108
4	102805158	7.534e-8	G	A	0.6534	-0.0574	0.0107
9	34758391	7.584e-8	G	A	0.8562	0.0702	0.0131
9	34747429	7.72e-8	G	A	0.8557	0.0699	0.013
1	155174106	7.801e-8	C	T	0.5811	-0.059	0.011
1	155975493	7.917e-8	C	T	0.7406	-0.062	0.0115
6	20765206	7.934e-8	A	G	0.1065	-0.0758	0.0141
1	155963035	8.118e-8	C	T	0.7536	-0.0625	0.0117
16	11369149	8.154e-8	A	C	0.445	-0.0565	0.0105
2	231211202	8.452e-8	C	T	0.949	-0.1095	0.0204
9	34730395	8.702e-8	G	T	0.868	0.0727	0.0136
7	28161983	8.763e-8	G	A	0.9189	-0.0853	0.0159
6	20624986	8.78e-8	A	T	0.1424	-0.0727	0.0136
7	28189972	8.798e-8	A	G	0.0725	0.0932	0.0174
3	18621738	8.851e-8	C	A	0.6889	-0.0534	0.01
16	11393081	8.881e-8	T	G	0.262	0.0524	0.0098
7	26787664	8.93e-8	C	T	0.4521	0.0587	0.011
2	231084902	8.95e-8	G	A	0.5395	0.0584	0.0109
16	11420769	9.002e-8	C	G	0.4058	-0.0574	0.0107
19	49241006	9.367e-8	C	G	0.5516	0.0548	0.0103
6	20631011	9.389e-8	T	C	0.1435	-0.072	0.0135
3	18693179	9.45e-8	C	T	0.664	-0.0506	0.0095
6	20624034	9.565e-8	T	C	0.8745	0.0701	0.0131
19	37412887	9.685e-8	T	C	0.5351	-0.0527	0.0099
6	20623084	9.687e-8	T	C	0.1431	-0.072	0.0135
1	155978725	9.918e-8	C	T	0.7409	-0.0615	0.0115
19	49248640	9.952e-8	A	G	0.4424	-0.0549	0.0103
19	49248331	1.007e-7	G	A	0.5571	0.0548	0.0103
1	155221837	1.008e-7	C	A	0.7463	-0.0645	0.0121
6	159489567	1.011e-7	T	C	0.7608	-0.0559	0.0105
4	102928866	1.021e-7	G	A	0.8909	-0.0795	0.0149
21	34801876	1.024e-7	T	C	0.8855	0.1321	0.0248
7	26795244	1.059e-7	C	T	0.4524	0.057	0.0107
13	43049482	1.06e-7	C	A	0.4689	0.063	0.0118
2	231217429	1.066e-7	G	A	0.3714	0.0535	0.0101
19	49166875	1.072e-7	G	A	0.3482	-0.0598	0.0113
3	18613827	1.088e-7	C	T	0.6893	-0.0528	0.0099
7	26844468	1.095e-7	A	C	0.5148	-0.0584	0.011
7	26857016	1.099e-7	A	T	0.5126	-0.0569	0.0107
1	155201235	1.117e-7	G	A	0.6888	-0.0589	0.0111
6	128284771	1.12e-7	G	A	0.598	-0.054	0.0102
4	102855110	1.137e-7	G	C	0.8912	-0.0799	0.0151
16	11403893	1.16e-7	C	T	0.8411	0.1118	0.0211
6	20580566	1.171e-7	G	A	0.2277	-0.0561	0.0106
13	42917860	1.186e-7	C	T	0.7116	-0.0568	0.0107
3	18699977	1.205e-7	G	T	0.9061	-0.0808	0.0153
16	11443873	1.261e-7	G	T	0.7399	-0.0537	0.0102
6	20808742	1.314e-7	G	T	0.4558	0.0567	0.0107
12	58337671	1.332e-7	G	A	0.6835	0.0563	0.0107
6	20627127	1.35e-7	C	A	0.8574	0.0718	0.0136
13	73329358	1.373e-7	G	A	0.303	0.0519	0.0098
1	155155731	1.381e-7	G	A	0.5822	-0.0574	0.0109
1	172765385	1.429e-7	A	C	0.4119	-0.0545	0.0104
12	58337132	1.43e-7	A	T	0.6836	0.0563	0.0107
3	18806107	1.488e-7	G	C	0.9062	-0.0803	0.0153
1	155247707	1.506e-7	G	T	0.7329	-0.0632	0.012
6	128268837	1.512e-7	T	C	0.5166	-0.0531	0.0101
18	20063204	1.552e-7	G	A	0.6534	-0.0548	0.0104
7	28234413	1.617e-7	G	A	0.9302	-0.0924	0.0176
12	58388232	1.62e-7	G	C	0.6662	0.0591	0.0113
1	155131930	1.632e-7	T	C	0.02	-0.1737	0.0332
6	20487577	1.656e-7	A	C	0.6334	0.0524	0.01
1	155929673	1.659e-7	C	A	0.8029	-0.0636	0.0121
16	11414898	1.683e-7	G	A	0.9149	-0.0845	0.0161
6	128269592	1.686e-7	G	A	0.4836	0.0525	0.01
4	102807050	1.692e-7	C	T	0.6546	-0.0557	0.0106
1	155559170	1.709e-7	G	T	0.7298	-0.0634	0.0121
7	26855739	1.741e-7	T	C	0.5138	-0.0559	0.0107
4	102712542	1.779e-7	T	C	0.5743	-0.0556	0.0107
6	20856703	1.8e-7	A	G	0.6661	0.0509	0.0097
7	28146255	1.816e-7	C	G	0.9184	-0.0833	0.016
6	20810101	1.872e-7	T	C	0.1081	-0.0669	0.0128
1	61791863	1.911e-7	G	A	0.3966	-0.0574	0.011
6	20589330	1.978e-7	C	T	0.2251	-0.0544	0.0105
9	34742364	1.989e-7	T	C	0.1467	-0.0672	0.0129
1	155157715	2.007e-7	A	G	0.4187	0.058	0.0112
7	28146850	2.023e-7	A	G	0.0816	0.0829	0.0159
6	20538640	2.035e-7	A	T	0.2244	-0.0552	0.0106
6	159510816	2.037e-7	T	G	0.4829	-0.0509	0.0098
2	62563774	2.049e-7	A	G	0.4151	-0.0562	0.0108
1	172803005	2.055e-7	G	A	0.544	0.0546	0.0105
13	42974818	2.138e-7	A	G	0.7774	-0.0576	0.0111
16	11371310	2.159e-7	C	T	0.7467	-0.0483	0.0093
1	155929701	2.162e-7	G	A	0.8029	-0.0632	0.0122
6	20575256	2.186e-7	T	C	0.776	0.0556	0.0107
6	20629581	2.26e-7	T	C	0.1438	-0.0697	0.0135
6	20589762	2.301e-7	T	C	0.7749	0.0543	0.0105
13	42980878	2.305e-7	C	T	0.7691	-0.0565	0.0109
4	102877961	2.314e-7	C	T	0.5788	-0.0544	0.0105
13	42979444	2.393e-7	A	G	0.2332	0.0556	0.0108
19	49175351	2.399e-7	C	T	0.349	-0.058	0.0112
13	42953003	2.475e-7	G	A	0.7785	-0.0578	0.0112
13	42952075	2.5e-7	A	C	0.2215	0.0577	0.0112
6	20583814	2.505e-7	C	T	0.2338	-0.0544	0.0105
9	34768825	2.546e-7	A	T	0.147	-0.0662	0.0129
1	155138842	2.568e-7	G	A	0.8905	0.079	0.0153
7	28259874	2.603e-7	A	T	0.9234	-0.0924	0.0179
13	43046812	2.645e-7	A	T	0.7571	-0.0576	0.0112
6	20607784	2.693e-7	C	A	0.2258	-0.0541	0.0105
3	18630803	2.718e-7	A	C	0.3222	0.0493	0.0096
7	26844616	2.732e-7	G	C	0.4862	0.0592	0.0115
12	6511996	2.739e-7	C	A	0.2654	-0.055	0.0107
12	58326448	2.802e-7	T	C	0.3159	-0.0549	0.0107
12	58335626	2.839e-7	A	T	0.684	0.0549	0.0107
12	58382097	2.907e-7	T	G	0.6736	0.0604	0.0118
6	20608278	2.912e-7	G	A	0.2263	-0.054	0.0105
3	18625275	2.955e-7	C	T	0.6886	-0.0528	0.0103
6	20551002	2.993e-7	G	A	0.2256	-0.0548	0.0107
7	28208222	3.025e-7	T	C	0.0697	0.0906	0.0177
6	20624382	3.041e-7	A	G	0.1424	-0.0704	0.0138
7	28160113	3.102e-7	C	G	0.7801	-0.058	0.0113
13	42957732	3.126e-7	A	G	0.2218	0.0572	0.0112
1	172825896	3.127e-7	A	G	0.0856	0.0847	0.0166
13	43029068	3.136e-7	T	A	0.7701	-0.0933	0.0182
3	18647449	3.173e-7	A	G	0.3359	0.0487	0.0095
1	155088795	3.243e-7	C	T	0.6062	-0.0547	0.0107
13	43044946	3.324e-7	A	C	0.5378	-0.059	0.0116
19	49249698	3.352e-7	C	T	0.5911	0.0533	0.0105
4	102714886	3.363e-7	A	G	0.5691	-0.0536	0.0105
6	20566456	3.377e-7	G	A	0.225	-0.0546	0.0107
6	20577769	3.489e-7	A	G	0.7752	0.0545	0.0107
6	20605982	3.495e-7	A	G	0.7744	0.0536	0.0105
12	58335130	3.5e-7	G	A	0.6839	0.0545	0.0107
17	6996653	3.596e-7	C	A	0.8477	0.0708	0.0139
6	128266531	3.682e-7	T	C	0.5119	-0.0513	0.0101
9	120473180	3.728e-7	C	T	0.9422	-0.0974	0.0192
9	34739273	3.737e-7	A	G	0.8526	0.0651	0.0128
13	43018030	3.755e-7	T	C	0.5321	-0.0797	0.0157
1	155624944	3.758e-7	G	A	0.7359	-0.0607	0.012
6	128281661	3.758e-7	G	A	0.6	-0.0518	0.0102
6	159437034	3.759e-7	G	A	0.3545	0.0566	0.0111
12	58311524	3.791e-7	G	A	0.6838	0.0547	0.0108
11	65427568	3.853e-7	G	A	0.9224	0.0897	0.0177
12	58335330	3.977e-7	C	G	0.6839	0.0544	0.0107
16	11472642	4.018e-7	T	A	0.54	-0.0494	0.0097
7	28202748	4.023e-7	T	C	0.0712	0.0922	0.0182
13	42952499	4.032e-7	C	T	0.7779	-0.0567	0.0112
6	128165318	4.047e-7	G	A	0.9086	-0.0775	0.0153
1	155522572	4.125e-7	T	C	0.2672	0.0656	0.013
13	42918648	4.128e-7	C	T	0.7263	-0.0528	0.0104
13	42957324	4.177e-7	G	A	0.7783	-0.0568	0.0112
12	58358704	4.191e-7	T	C	0.6748	0.0597	0.0118
13	42955965	4.24e-7	G	C	0.7784	-0.0567	0.0112
6	20706418	4.291e-7	C	T	0.8833	-0.0739	0.0146
16	11346008	4.35e-7	A	C	0.2708	0.0791	0.0157
19	49157438	4.37e-7	G	T	0.4901	-0.053	0.0105
1	155094013	4.409e-7	C	A	0.6017	-0.0544	0.0108
17	25958304	4.485e-7	G	A	0.7913	-0.0609	0.0121
3	188403035	4.721e-7	A	G	0.157	-0.0705	0.014
2	62569667	4.731e-7	A	T	0.4062	-0.0538	0.0107
4	102726095	4.736e-7	G	A	0.4333	0.053	0.0105
6	159515206	4.802e-7	C	G	0.208	0.0573	0.0114
1	172724394	4.833e-7	G	A	0.5754	0.0507	0.0101
6	20601166	4.85e-7	G	A	0.2255	-0.0528	0.0105
2	231223975	4.882e-7	C	T	0.7798	0.0563	0.0112
6	20602399	4.902e-7	G	A	0.2256	-0.0526	0.0105
1	78623626	5.008e-7	C	T	0.8918	0.0778	0.0155
17	25983153	5.036e-7	G	A	0.7534	-0.0579	0.0115
7	28215169	5.074e-7	T	C	0.0697	0.0892	0.0177
1	155219207	5.094e-7	A	T	0.2701	0.0927	0.0184
13	42958193	5.114e-7	C	A	0.7781	-0.0565	0.0112
13	42994481	5.169e-7	C	G	0.2289	0.0566	0.0113
16	11404753	5.212e-7	A	G	0.715	-0.0507	0.0101
4	102724405	5.477e-7	A	G	0.567	-0.0523	0.0105
16	11426972	5.569e-7	G	C	0.7158	-0.0561	0.0112
7	26719824	5.621e-7	G	A	0.8748	0.0684	0.0137
2	27635463	5.647e-7	A	G	0.7268	-0.0915	0.0183
7	26729740	5.693e-7	G	A	0.8746	0.0682	0.0136
6	128268565	5.727e-7	G	A	0.5973	-0.0516	0.0103
6	20728513	5.798e-7	C	T	0.3989	-0.0501	0.01
9	120470372	5.835e-7	A	C	0.058	0.0976	0.0195
16	11404762	5.86e-7	T	C	0.7148	-0.0507	0.0101
16	11472469	5.897e-7	A	C	0.5403	-0.0487	0.0098
6	20623205	5.958e-7	T	C	0.4952	0.0789	0.0158
18	20125691	6.04e-7	C	T	0.3545	0.0523	0.0105
3	18613387	6.045e-7	A	T	0.5932	-0.0451	0.009
6	127414838	6.1e-7	A	G	0.2238	0.0521	0.0105
16	11364079	6.187e-7	A	T	0.4467	-0.0805	0.0162
2	231227137	6.257e-7	G	T	0.7799	0.0506	0.0102
6	159520359	6.295e-7	A	T	0.1328	0.0677	0.0136
2	62565794	6.35e-7	G	C	0.3885	-0.0538	0.0108
13	42970202	6.555e-7	A	C	0.2218	0.0557	0.0112
6	21395486	6.575e-7	C	T	0.6561	0.0513	0.0103
6	20586203	6.607e-7	T	C	0.7752	0.0546	0.011
6	128181051	6.688e-7	A	T	0.8801	-0.0624	0.0126
1	155095107	6.845e-7	G	A	0.6011	-0.0535	0.0108
4	102715549	6.886e-7	G	C	0.4389	0.0519	0.0104
2	62562783	7.002e-7	A	G	0.3921	-0.0532	0.0107
6	20623605	7.219e-7	T	C	0.4942	0.0782	0.0158
16	11471350	7.298e-7	T	C	0.5413	-0.048	0.0097
4	102856331	7.485e-7	C	A	0.4259	0.0526	0.0106
13	73262337	7.524e-7	G	A	0.6338	-0.0502	0.0101
4	102722182	7.546e-7	G	A	0.6835	-0.0561	0.0113
6	20587989	7.65e-7	C	A	0.2256	-0.0541	0.0109
3	18610179	7.691e-7	C	T	0.5944	-0.0444	0.009
3	18613492	7.897e-7	G	A	0.5941	-0.0445	0.009
4	102783351	8.01e-7	C	T	0.6103	-0.0523	0.0106
6	128056596	8.142e-7	C	T	0.8455	0.0673	0.0136
6	127463376	8.233e-7	C	A	0.4914	-0.0781	0.0158
6	20589341	8.25e-7	G	A	0.2786	-0.0524	0.0106
2	231230885	8.338e-7	T	G	0.2206	-0.0547	0.0111
13	42971543	8.393e-7	C	A	0.7784	-0.0553	0.0112
6	159498130	8.402e-7	C	T	0.5251	0.0487	0.0099
6	128276700	8.444e-7	T	C	0.4341	0.0477	0.0097
1	172723700	8.491e-7	G	A	0.5748	0.0497	0.0101
4	102794621	8.498e-7	A	T	0.3883	0.052	0.0106
6	134582426	8.545e-7	C	T	0.5987	-0.0519	0.0105
5	72502029	8.559e-7	C	T	0.2895	-0.0555	0.0113
6	20623392	8.658e-7	T	C	0.4942	0.0782	0.0159
6	159518664	8.72e-7	T	C	0.4518	-0.0493	0.01
22	41867377	8.922e-7	C	T	0.2206	0.0582	0.0118
13	42934017	9.017e-7	C	T	0.2884	0.0521	0.0106
1	155090105	9.124e-7	T	C	0.399	0.0558	0.0114
6	128060896	9.44e-7	G	C	0.1655	-0.0657	0.0134
4	102715698	9.505e-7	C	T	0.4391	0.0513	0.0105
17	25978490	9.51e-7	T	C	0.2433	0.0574	0.0117
6	128056719	1.002e-6	G	T	0.8455	0.0669	0.0137
12	58381466	1.011e-6	C	T	0.3246	-0.0547	0.0112
3	18610877	1.02e-6	C	T	0.5935	-0.0431	0.0088
4	102798735	1.037e-6	G	A	0.6115	-0.0516	0.0106
6	128256360	1.042e-6	C	G	0.3341	-0.0502	0.0103
14	104003094	1.044e-6	C	T	0.64	0.0813	0.0166
6	128272324	1.05e-6	C	T	0.5621	-0.0476	0.0097
16	11707291	1.055e-6	C	T	0.5895	0.0846	0.0173
18	56879827	1.062e-6	T	C	0.1985	0.0562	0.0115
6	20725694	1.067e-6	A	C	0.0611	0.0893	0.0183
4	102793500	1.068e-6	G	T	0.6113	-0.0516	0.0106
4	102769808	1.082e-6	A	G	0.3992	0.0518	0.0106
1	62901807	1.089e-6	C	A	0.681	-0.0563	0.0116
3	18744191	1.098e-6	G	A	0.8645	-0.0965	0.0198
2	62574076	1.106e-6	T	A	0.5982	0.0526	0.0108
16	11435990	1.106e-6	T	C	0.8419	0.1037	0.0213
19	49164952	1.12e-6	A	G	0.6485	0.0596	0.0122
1	172750417	1.131e-6	G	A	0.5977	0.0487	0.01
4	102795845	1.165e-6	G	A	0.6117	-0.0514	0.0106
6	128277210	1.181e-6	T	G	0.4337	0.0469	0.0097
6	159435769	1.248e-6	G	A	0.3544	0.053900000000000003	0.0111
13	42952611	1.278e-6	C	T	0.7787	-0.0549	0.0113
13	42953336	1.279e-6	A	G	0.2206	0.0559	0.0115
6	21457950	1.299e-6	C	T	0.6916	0.0819	0.0169
6	127403515	1.305e-6	T	C	0.2238	0.0501	0.0104
6	128053144	1.317e-6	C	T	0.8461	0.0661	0.0137
17	25958091	1.351e-6	A	G	0.2666	0.0507	0.0105
16	11434941	1.42e-6	C	G	0.717	-0.0494	0.0102
11	118765600	1.426e-6	A	G	0.4126	-0.0518	0.0107
16	11436069	1.454e-6	G	A	0.7176	-0.0496	0.0103
3	53098775	1.461e-6	A	G	0.3354	0.0511	0.0106
21	34821807	1.469e-6	C	T	0.7328	-0.0895	0.0186
6	128167328	1.479e-6	G	T	0.8047	-0.0543	0.0113
6	159433377	1.481e-6	T	C	0.6456	-0.0535	0.0111
17	6984500	1.483e-6	T	C	0.0441	-0.1076	0.0223
6	128187461	1.484e-6	A	G	0.1197	0.0599	0.0124
12	58313144	1.491e-6	G	A	0.7483	0.0509	0.0106
13	73492148	1.494e-6	T	C	0.6907	-0.0483	0.01
6	20756976	1.503e-6	C	G	0.8925	0.0676	0.014
2	62570755	1.51e-6	T	C	0.407	-0.0518	0.0108
13	42969646	1.521e-6	T	C	0.2216	0.054	0.0112
4	103052194	1.528e-6	T	C	0.4355	0.0511	0.0106
1	155864977	1.566e-6	T	C	0.2387	0.085	0.0177
7	28238518	1.583e-6	C	T	0.9316	-0.0856	0.0178
13	42956242	1.585e-6	T	C	0.2217	0.0542	0.0113
2	231183774	1.632e-6	C	G	0.7331	0.0484	0.0101
5	72551134	1.639e-6	A	G	0.3855	-0.0783	0.0163
16	11435855	1.668e-6	C	T	0.7175	-0.0494	0.0103
2	62561021	1.668e-6	A	G	0.3915	-0.0518	0.0108
6	128278336	1.73e-6	T	C	0.4338	0.0455	0.0095
13	42873782	1.781e-6	G	A	0.9435	-0.0924	0.0193
12	58374904	1.805e-6	T	C	0.674	0.0551	0.0115
16	11435743	1.86e-6	G	C	0.7175	-0.049	0.0103
1	172764048	1.911e-6	T	C	0.4112	-0.048	0.0101
6	159469512	1.913e-6	G	C	0.8378	-0.0599	0.0126
1	172699579	1.916e-6	G	A	0.4636	0.0498	0.0105
7	26845145	1.947e-6	C	T	0.4905	0.0504	0.0106
13	42966734	1.999e-6	T	C	0.0685	-0.1461	0.0307
1	172720036	2.007e-6	A	C	0.4225	-0.0481	0.0101
1	172760527	2.022e-6	G	T	0.5891	0.0476	0.01
3	18777836	2.03e-6	A	G	0.7049	0.0527	0.0111
1	155099852	2.06e-6	G	A	0.8248	0.0604	0.0127
12	58401482	2.08e-6	C	T	0.3331	-0.0538	0.0113
19	49153824	2.086e-6	C	A	0.4925	-0.0494	0.0104
1	172793029	2.125e-6	G	A	0.3667	0.0478	0.0101
13	49595331	2.158e-6	A	G	0.6867	0.0486	0.0103
12	58256010	2.211e-6	T	C	0.3105	-0.0528	0.0111
13	42991060	2.212e-6	G	C	0.2285	0.0555	0.0117
16	11253888	2.218e-6	A	G	0.4335	0.0482	0.0102
20	39998520	2.26e-6	C	T	0.855	-0.061	0.0129
1	172744934	2.289e-6	C	T	0.6029	0.0473	0.01
1	63103217	2.312e-6	A	G	0.3169	0.0549	0.0116
13	42956220	2.318e-6	A	G	0.2217	0.0533	0.0113
16	11691753	2.356e-6	T	C	0.4853	-0.0557	0.0118
1	172694340	2.462e-6	A	G	0.3849	-0.0472	0.01
4	102770948	2.467e-6	G	A	0.5445	-0.0503	0.0107
19	37353791	2.483e-6	C	T	0.6584	-0.0471	0.01
6	128265919	2.528e-6	A	C	0.4383	0.0455	0.0097
16	11256936	2.529e-6	G	T	0.5733	-0.0483	0.0103
13	73394847	2.57e-6	C	T	0.3093	0.0469	0.01
1	172696875	2.572e-6	C	T	0.6154	0.0471	0.01
15	80992165	2.579e-6	G	A	0.5417	-0.05	0.0106
1	172799378	2.623e-6	A	C	0.633	-0.0478	0.0102
6	127406841	2.638e-6	G	A	0.7765	-0.0481	0.0102
16	11449536	2.64e-6	G	A	0.7576	-0.0472	0.01
6	127399325	2.654e-6	A	G	0.2692	0.0502	0.0107
2	231190446	2.703e-6	T	C	0.425	-0.0459	0.0098
17	25964669	2.742e-6	G	C	0.2381	0.0545	0.0116
4	102717797	2.748e-6	C	T	0.6902	-0.0535	0.0114
7	26851231	2.774e-6	G	A	0.485	0.0533	0.0114
4	103047763	2.78e-6	C	T	0.5657	-0.0506	0.0108
19	49102399	2.816e-6	C	T	0.4631	-0.0506	0.0108
1	172791966	2.92e-6	G	A	0.3658	0.0463	0.0099
12	58370123	2.927e-6	C	G	0.3237	-0.0499	0.0107
17	25964779	2.941e-6	C	T	0.7606	-0.0525	0.0112
19	49224389	2.984e-6	T	C	0.5453	0.0776	0.0166
4	102773838	3.031e-6	T	C	0.4612	0.0495	0.0106
4	102780792	3.075e-6	A	C	0.4551	0.0494	0.0106
6	127400325	3.087e-6	C	T	0.731	-0.0501	0.0107
16	11419378	3.102e-6	C	T	0.7162	-0.046	0.0099
12	58254015	3.11e-6	T	C	0.3113	-0.0521	0.0112
11	118754353	3.124e-6	C	A	0.8384	0.1058	0.0227
17	26000503	3.126e-6	G	A	0.759	-0.0581	0.0125
4	103024138	3.159e-6	A	T	0.5643	-0.0493	0.0106
7	26848685	3.225e-6	C	T	0.4845	0.0533	0.0115
16	11274079	3.304e-6	C	T	0.9353	0.0841	0.0181
21	34766467	3.367e-6	G	T	0.7583	-0.0893	0.0192
4	103052816	3.386e-6	G	A	0.5655	-0.0505	0.0109
2	62598208	3.403e-6	T	C	0.2113	0.0547	0.0118
4	102772299	3.436e-6	G	A	0.5457	-0.0503	0.0108
16	11774201	3.458e-6	G	T	0.9262	-0.0803	0.0173
3	18720044	3.461e-6	A	C	0.7168	0.0536	0.0115
7	28140951	3.508e-6	G	A	0.9212	-0.076	0.0164
1	172693116	3.534e-6	T	G	0.5846	-0.0519	0.0112
6	128245765	3.548e-6	G	T	0.877	-0.1092	0.0235
16	11724355	3.549e-6	A	G	0.4524	-0.0794	0.0171
1	172935669	3.572e-6	T	A	0.5965	0.045	0.0097
4	102710688	3.608e-6	G	A	0.6858	-0.0489	0.0106
4	102778455	3.672e-6	T	C	0.4641	0.0489	0.0106
1	63049819	3.678e-6	G	A	0.6832	-0.0541	0.0117
1	172790953	3.697e-6	T	G	0.481	-0.0462	0.01
16	11354497	3.766e-6	T	C	0.3359	-0.0798	0.0173
17	25968300	3.92e-6	G	A	0.7507	-0.0484	0.0105
19	49136515	3.928e-6	T	C	0.2617	-0.0531	0.0115
1	172796832	3.956e-6	A	T	0.6337	-0.0471	0.0102
2	231081384	3.98e-6	T	C	0.4604	-0.0501	0.0109
4	102780724	4.008e-6	G	A	0.5455	-0.0489	0.0106
16	11359675	4.015e-6	C	T	0.4668	-0.0738	0.016
1	172796261	4.017e-6	G	A	0.3664	0.0473	0.0102
4	102736743	4.021e-6	A	T	0.7	-0.0534	0.0116
19	49101956	4.07e-6	C	T	0.6566	0.0509	0.011
1	172667967	4.082e-6	T	C	0.0878	-0.065	0.0141
1	63177365	4.105e-6	C	T	0.3247	0.0512	0.0111
16	11427123	4.148e-6	C	G	0.7168	-0.0451	0.0098
6	127406256	4.157e-6	C	T	0.7311	-0.0493	0.0107
1	155059851	4.221e-6	A	G	0.5094	0.0486	0.0106
1	172796786	4.222e-6	A	G	0.6335	-0.0468	0.0102
4	102707791	4.327e-6	G	A	0.9343	-0.1369	0.0298
6	127402503	4.331e-6	T	C	0.2694	0.0492	0.0107
16	11340128	4.342e-6	G	T	0.5868	0.0508	0.0111
6	127407891	4.353e-6	T	C	0.2695	0.0491	0.0107
12	58383580	4.395e-6	G	A	0.3331	-0.0498	0.0108
6	127399056	4.432e-6	T	C	0.2693	0.049	0.0107
6	20706980	4.482e-6	T	A	0.8698	0.0639	0.0139
16	11420185	4.515e-6	A	G	0.2847	0.0435	0.0095
3	18611155	4.516e-6	C	A	0.5943	-0.038	0.0083
4	102769693	4.522e-6	C	T	0.5435	-0.049	0.0107
17	25970847	4.633e-6	C	T	0.7509	-0.0482	0.0105
6	127409934	4.812e-6	T	C	0.2684	0.0479	0.0105
16	11427426	4.889e-6	C	G	0.717	-0.0452	0.0099
4	102725474	4.907e-6	G	A	0.6821	-0.0474	0.0104
1	172685490	4.966e-6	A	T	0.1988	-0.0475	0.0104
4	102736456	5.141e-6	C	T	0.6258	-0.0479	0.0105
18	56878274	5.242e-6	C	T	0.8064	-0.0464	0.0102
6	159525077	5.344e-6	A	G	0.1354	0.0627	0.0138
1	172793418	5.384e-6	A	G	0.6334	-0.0474	0.0104
4	102725324	5.41e-6	T	C	0.5628	-0.0486	0.0107
3	18750341	5.507e-6	C	T	0.8646	-0.0961	0.0211
2	62570573	5.522e-6	T	A	0.6155	-0.0742	0.0163
1	172728676	5.527e-6	A	T	0.5549	0.045	0.0099
3	18697944	5.542e-6	A	G	0.0177	0.158	0.0348
1	172683570	5.583e-6	G	A	0.8013	0.0469	0.0103
4	102739452	5.611e-6	C	T	0.6981	-0.0479	0.0106
1	172722304	5.669e-6	G	A	0.5769	0.0483	0.0107
7	26856632	5.898e-6	A	C	0.1238	-0.0642	0.0142
16	11350991	5.944e-6	C	T	0.5333	0.0726	0.016
7	26784056	6.003e-6	G	A	0.9296	-0.0731	0.0162
4	102726005	6.015e-6	G	A	0.6843	-0.0467	0.0103
7	26889376	6.045e-6	G	A	0.8777	0.0645	0.0143
4	102718619	6.056e-6	C	A	0.6791	-0.0474	0.0105
4	102739980	6.064e-6	C	T	0.6983	-0.0478	0.0106
6	21422738	6.106e-6	T	G	0.5806	-0.0706	0.0156
6	159348381	6.224e-6	T	C	0.4006	0.0513	0.0113
17	25978202	6.243e-6	A	G	0.2508	0.0431	0.0095
1	172696653	6.247e-6	C	T	0.4635	0.0452	0.01
6	20622753	6.26e-6	C	T	0.4276	-0.044	0.0097
9	34711832	6.319e-6	G	A	0.8479	0.0607	0.0134
16	11131078	6.323e-6	G	A	0.9904	-0.2476	0.0548
1	172853024	6.355e-6	A	G	0.033	0.1062	0.0235
6	127400765	6.526e-6	C	T	0.7313	-0.0487	0.0108
6	21392992	6.543e-6	C	G	0.608	0.0446	0.0099
19	49102513	6.619e-6	C	T	0.8585	0.0645	0.0143
2	62632734	6.666e-6	A	G	0.5867	-0.0482	0.0107
16	11436629	6.798e-6	G	A	0.7167	-0.0485	0.0108
1	172728946	6.888e-6	G	A	0.5563	0.0444	0.0099
4	102753408	6.894e-6	A	G	0.3033	0.0476	0.0106
4	102737250	6.911e-6	G	A	0.6261	-0.0473	0.0105
1	172696537	6.956e-6	T	C	0.5379	-0.0449	0.01
19	49101548	6.99e-6	A	G	0.1424	-0.0642	0.0143
4	102790818	7.001e-6	C	T	0.5399	-0.0475	0.0106
4	102723839	7.016e-6	G	A	0.6837	-0.0466	0.0104
12	58383555	7.042e-6	A	T	0.3327	-0.0483	0.0108
4	48363983	7.075e-6	A	G	0.639	0.0753	0.0168
6	127406809	7.107e-6	G	T	0.731	-0.0479	0.0107
4	102718286	7.211e-6	A	G	0.321	0.0467	0.0104
4	102793278	7.246e-6	A	G	0.4608	0.0475	0.0106
1	172794500	7.287e-6	T	G	0.6349	-0.0459	0.0102
4	102752201	7.292e-6	A	G	0.3031	0.0475	0.0106
4	102739791	7.376e-6	A	G	0.3017	0.0473	0.0106
4	103047069	7.415e-6	G	A	0.5657	-0.0461	0.0103
4	102726594	7.465e-6	T	C	0.318	0.0462	0.0103
6	20527017	7.489e-6	T	C	0.5599	0.0417	0.0093
13	42932461	7.602e-6	T	C	0.0482	0.0953	0.0213
7	28189411	7.637e-6	T	C	0.5188	-0.0706	0.0158
6	159418293	7.686e-6	C	T	0.8758	0.1171	0.0262
9	120475602	7.76e-6	C	T	0.9423	-0.1392	0.0311
19	49096292	7.79e-6	G	A	0.278	-0.0462	0.0103
4	102752589	7.804e-6	A	G	0.3051	0.0471	0.0105
7	28260538	7.87e-6	A	G	0.3011	0.051	0.0114
4	102867379	7.93e-6	T	A	0.5479	0.0478	0.0107
6	128045725	7.941e-6	T	C	0.1342	-0.0652	0.0146
12	58387400	7.997e-6	T	C	0.6664	0.0697	0.0156
4	102738147	8.017e-6	T	C	0.3767	0.0471	0.0106
5	72358254	8.098e-6	G	A	0.8511	0.0619	0.0139
4	102812305	8.21e-6	C	G	0.4607	0.0473	0.0106
7	26903237	8.231e-6	T	C	0.1231	-0.0645	0.0145
4	102721809	8.283e-6	T	C	0.3178	0.0483	0.0108
4	102718100	8.353e-6	T	C	0.321	0.0463	0.0104
1	172689501	8.41e-6	G	A	0.4629	0.0448	0.0101
4	102723740	8.494e-6	T	C	0.3179	0.046	0.0103
16	11365104	8.495e-6	G	A	0.4678	-0.0713	0.016
4	103075330	8.5e-6	G	T	0.5661	-0.0459	0.0103
7	28180556	8.558e-6	T	C	0.5197	-0.0702	0.0158
4	102718658	8.753e-6	A	G	0.321	0.0462	0.0104
4	102718795	8.776e-6	A	G	0.321	0.0463	0.0104
6	159538494	8.821e-6	T	C	0.1566	0.0589	0.0132
20	39881517	8.876e-6	G	T	0.838	-0.0934	0.021
6	20657345	8.906e-6	T	C	0.8036	0.0695	0.0156
12	58302436	8.911e-6	C	T	0.5625	0.0483	0.0109
4	102727619	9.049e-6	A	G	0.3157	0.0459	0.0103
4	102849219	9.26e-6	T	C	0.5198	-0.0483	0.0109
1	172729330	9.293e-6	A	G	0.4453	-0.0439	0.0099
7	28138639	9.415e-6	T	G	0.7777	-0.0515	0.0116
1	172703882	9.433e-6	A	G	0.5378	-0.0443	0.01
16	11468218	9.438e-6	C	A	0.7939	0.0888	0.02
16	11463394	9.443e-6	C	T	0.7622	-0.0423	0.0096
4	102718240	9.512e-6	T	C	0.321	0.046	0.0104
1	172739006	9.521e-6	C	T	0.6908	-0.0743	0.0168
19	49097663	9.595e-6	C	T	0.8577	0.0631	0.0143
1	172795086	9.602e-6	A	G	0.4832	-0.0443	0.01
13	42910921	9.611e-6	A	T	0.656	0.0484	0.0109
19	49103243	9.812e-6	C	T	0.8584	0.0634	0.0143
4	102754507	9.824e-6	G	A	0.6975	-0.0468	0.0106
1	172795995	9.829e-6	A	C	0.6342	-0.0455	0.0103
2	231220371	9.833e-6	A	G	0.2203	-0.0479	0.0108
1	172789765	9.881e-6	A	G	0.4836	-0.044	0.01
1	172695291	9.984e-6	G	A	0.615	0.0449	0.0102
