analysis_name	group.x	P_plink	P_ldpred	AUC_plink	AUC_ldpred	R2_plink	R2_ldpred	N_plink	N_ldpred
P_threshold_1_mesa_seall	mesa_seall	0.9206586692496619	0.7913981479229579	0.5242093513580554	0.5231799578320724	2.4893197374198373e-5	1.7557650330390917e-4	441846	5388056
P_threshold_0.1_mesa_seall	mesa_seall	0.6492429285162644	0.2676227340706983	0.5033114225474389	0.5277688205382611	5.164303618789834e-4	0.003076350768930425	77256	521493
P_threshold_0.01_mesa_seall	mesa_seall	0.07336864320035688	0.033303340273714385	0.5558973086940344	0.5586010169911944	0.00810328541788774	0.011464493533276499	9165	48690
P_threshold_0.001_mesa_seall	mesa_seall	0.4023264846222849	0.07864026670291127	0.56058539005333	0.5762619372442019	0.0017439412140527466	0.007878266201502337	1188	4764
P_threshold_1e-04_mesa_seall	mesa_seall	0.13275072662695372	0.31932085584358827	0.5508123527223118	0.5438174376782835	0.006709215792486289	0.0025011938480642426	161	587
P_threshold_1e-05_mesa_seall	mesa_seall	0.22675692417212964	0.8023195999772051	0.525908470792509	0.5178593575592211	0.005509868511105909	1.578146113877521e-4	28	102
P_threshold_1e-06_mesa_seall	mesa_seall	0.7341397909941909	0.833964113017886	0.508731241473397	0.5066228450948778	3.028135944549426e-4	1.1305745438883186e-4	3	3
P_threshold_0.03_mesa_seall	mesa_seall	0.024877213757281625	0.0181424824607251	0.581967009797842	0.5740543222125759	0.012692553680938468	0.014178465592152634	25078	148986
P_threshold_0.003_mesa_seall	mesa_seall	0.2549198663565282	0.06408291498666976	0.5449336475257348	0.5628550167431478	0.0032540086227977882	0.008750156977967105	3111	14525
P_threshold_3e-04_mesa_seall	mesa_seall	0.414310493643412	0.8346792951954521	0.5186158997891603	0.5117450080615156	0.0017509703096556528	1.0905316822706901e-4	383	1451
P_threshold_3e-05_mesa_seall	mesa_seall	0.2334324700395191	0.851690130701313	0.5252139402207615	0.5214064244077886	0.004558756061111335	8.785150480361548e-5	63	319
P_threshold_0.3_mesa_seall	mesa_seall	0.9040482565849532	0.8944377411144493	0.5154160982264665	0.5105791888875109	3.639556397871946e-5	4.412403743447868e-5	204651	1609811
P_threshold_1_mesa_diarrhea	mesa_diarrhea	0.5041162859352462	0.22626190390946668	0.5832542131497745	0.5676477569427961	0.0022314456449046283	0.007268582623146336	441310	5388050
P_threshold_0.1_mesa_diarrhea	mesa_diarrhea	0.40505647693610836	0.10754644195669211	0.5674103963921197	0.5773201993828626	0.003500106175250095	0.012923051734460178	67574	487386
P_threshold_0.01_mesa_diarrhea	mesa_diarrhea	0.9717529297174893	0.030135657844110715	0.5450391644908616	0.6023617374792309	6.243317737908427e-6	0.023948075494951038	9273	48243
P_threshold_0.001_mesa_diarrhea	mesa_diarrhea	0.9133339891360823	0.3387082008430623	0.5	0.5786256824115832	5.895637907216145e-5	0.004615037590021465	1351	5159
P_threshold_1e-04_mesa_diarrhea	mesa_diarrhea	0.31938614097756324	0.9190174373567496	0.5503204367434132	0.5246854972703536	0.00508138480467013	5.150978202117518e-5	210	510
P_threshold_1e-05_mesa_diarrhea	mesa_diarrhea	0.5008337828393951	0.17176036553485122	0.5430512698789461	0.5615060526940423	0.002314240222831665	0.008956035495249703	29	53
P_threshold_1e-06_mesa_diarrhea	mesa_diarrhea	0.16267040510102973	0.354792558271369	0.5547412769997626	0.5172086399240445	0.012568506975088378	0.003712093252221882	5	25
P_threshold_0.03_mesa_diarrhea	mesa_diarrhea	0.9258212562845389	0.044389740057559246	0.5458105862805601	0.5907904106337527	4.3155675209627375e-5	0.02062796978677317	23155	140526
P_threshold_0.003_mesa_diarrhea	mesa_diarrhea	0.7380646532967183	0.5134679436304057	0.541241395680038	0.5250712081652029	5.556465468544713e-4	0.0021485760867421266	3368	15367
P_threshold_3e-04_mesa_diarrhea	mesa_diarrhea	0.8520185544255361	0.8470749066251866	0.5081889389983385	0.49092095893662474	1.7294386008770424e-4	1.8572975757702448e-4	526	1525
P_threshold_3e-05_mesa_diarrhea	mesa_diarrhea	0.512781687425206	0.7798604159307083	0.5481841917873249	0.5042428198433421	0.0021633650523165127	3.8727756675294156e-4	78	187
P_threshold_0.3_mesa_diarrhea	mesa_diarrhea	0.46094469827638296	0.21852175625791084	0.5763114170424876	0.5602302397341562	0.0027278486052420003	0.007547840612445844	194195	1579545
P_threshold_1_mesa_fever	mesa_fever	0.8667977978125398	0.7829613083069411	0.4921773142112125	0.5022660954864344	1.4517688947135454e-4	3.911838626979858e-4	441547	5388056
P_threshold_0.1_mesa_fever	mesa_fever	0.946418923284895	0.18476541944196828	0.5251753895821692	0.5458496305953933	2.33171233546825e-5	0.00908289770754478	68681	498081
P_threshold_0.01_mesa_fever	mesa_fever	0.1518438757036123	0.013508836151776912	0.6115974421059167	0.6183026013534488	0.010669050776126121	0.032481856423304145	9342	48315
P_threshold_0.001_mesa_fever	mesa_fever	0.7056018029798088	0.11018723697811675	0.5118271558949525	0.6239523188675731	7.389523953144073e-4	0.013598164066967122	1385	5119
P_threshold_1e-04_mesa_fever	mesa_fever	0.7810782730049333	0.883676587058007	0.5106475445458496	0.511765071087105	3.9637421625260405e-4	1.1038991038814228e-4	214	505
P_threshold_1e-05_mesa_fever	mesa_fever	0.9660707757419612	0.5629776461279689	0.49965853355683865	0.5217607251505556	9.307993543594684e-6	0.0016906799678612083	27	64
P_threshold_1e-06_mesa_fever	mesa_fever	0.2554547772807508	0.24699739682355049	0.5893400384925809	0.5225367852486495	0.0075002797768933815	0.005885074315454153	6	9
P_threshold_0.03_mesa_fever	mesa_fever	0.8508577753685623	0.011128512958411777	0.5302663438256658	0.6315266654249705	1.8263350007952095e-4	0.03477867871079321	23913	143197
P_threshold_0.003_mesa_fever	mesa_fever	0.35930138788346344	0.024499410297842885	0.5923511516731856	0.613894579996275	0.004385106522686089	0.02765391892990743	3421	14462
P_threshold_3e-04_mesa_fever	mesa_fever	0.7206368132551597	0.7644481265213506	0.5182839759110945	0.5279692059353076	6.560311916864459e-4	4.6202001698969486e-4	509	1618
P_threshold_3e-05_mesa_fever	mesa_fever	0.557135925679011	0.6321644029529732	0.46818153597814616	0.5063636928043708	0.0017533745475192264	0.0011752722526692239	82	183
P_threshold_0.3_mesa_fever	mesa_fever	0.8887267650591653	0.5423342844286733	0.5070776680946172	0.49469174892903706	1.0106476579541113e-4	0.0019163150952635766	196833	1611997
P_threshold_1_mesa_feveranddiarrhea	mesa_feveranddiarrhea	0.08072278500348923	0.24249944306950114	0.6719602977667494	0.5642679900744417	0.02418486328163416	0.010199910714885685	440376	5388055
P_threshold_0.1_mesa_feveranddiarrhea	mesa_feveranddiarrhea	0.15085032558116868	0.07967523740924552	0.6256079404466501	0.590272952853598	0.015907767071617673	0.023274465892533347	63727	469499
P_threshold_0.01_mesa_feveranddiarrhea	mesa_feveranddiarrhea	0.14313791598562733	0.005145794047615559	0.5866004962779157	0.688833746898263	0.015981751288512647	0.06457416194070298	9512	48235
P_threshold_0.001_mesa_feveranddiarrhea	mesa_feveranddiarrhea	0.19376530356512736	0.29724710579151914	0.6415880893300249	0.6250124069478908	0.01322744239697049	0.00844823067844891	1573	6075
P_threshold_1e-04_mesa_feveranddiarrhea	mesa_feveranddiarrhea	0.07786905738078301	0.42483770417473715	0.6397022332506204	0.4690818858560794	0.023722304194332633	0.004780529150134938	251	745
P_threshold_1e-05_mesa_feveranddiarrhea	mesa_feveranddiarrhea	0.7960026756068628	0.1471720390012378	0.5130521091811414	0.5719106699751861	5.111232454226844e-4	0.014885960582476598	56	149
P_threshold_1e-06_mesa_feveranddiarrhea	mesa_feveranddiarrhea	0.4723003121653285	0.15831782024190175	0.5838213399503722	0.5270967741935484	0.004644311436166282	0.012027008218341573	8	6
P_threshold_0.03_mesa_feveranddiarrhea	mesa_feveranddiarrhea	0.1405405260605326	0.00915749460081435	0.5966253101736972	0.6486352357320099	0.01638785999785508	0.05595572440325536	23024	139821
P_threshold_0.003_mesa_feveranddiarrhea	mesa_feveranddiarrhea	0.1799648090204063	0.026721609838425704	0.595136476426799	0.6511166253101737	0.01403662577313547	0.04123607810111041	3710	15696
P_threshold_3e-04_mesa_feveranddiarrhea	mesa_feveranddiarrhea	0.029546545698020156	0.7507928431315167	0.6686848635235731	0.5274441687344914	0.03631289495444223	7.578592499166703e-4	610	2003
P_threshold_3e-05_mesa_feveranddiarrhea	mesa_feveranddiarrhea	0.6195288102660186	0.18818072246913353	0.49379652605459057	0.5936476426799008	0.0018958665316118894	0.013018510777210057	117	308
P_threshold_0.3_mesa_feveranddiarrhea	mesa_feveranddiarrhea	0.13775167244199685	0.21411819893334258	0.6440694789081886	0.44535980148883375	0.01730913382451027	0.011596420044554079	172623	1521609
P_threshold_1_mesa_fever_or_diarrhea	mesa_fever_or_diarrhea	0.5952669146566025	0.6172115148262283	0.5078715919085313	0.5200527704485488	0.0011142774830669167	9.786990097389037e-4	441744	5388057
P_threshold_0.1_mesa_fever_or_diarrhea	mesa_fever_or_diarrhea	0.9265750351562801	0.18503730215505548	0.49410729991204927	0.5497801231310466	3.3325620540924916e-5	0.006895783852993165	71620	503596
P_threshold_0.01_mesa_fever_or_diarrhea	mesa_fever_or_diarrhea	0.3147646909824534	0.043653644626740644	0.5748900615655234	0.5759894459102902	0.003987957169263701	0.016162355767859626	9021	47927
P_threshold_0.001_mesa_fever_or_diarrhea	mesa_fever_or_diarrhea	0.5610759708367083	0.1527024557122433	0.5453386103781882	0.5906772207563764	0.0013120146230441998	0.008152799625608442	1233	5476
P_threshold_1e-04_mesa_fever_or_diarrhea	mesa_fever_or_diarrhea	0.7291138281788863	0.6505706498167019	0.497273526824978	0.540325417766051	4.923386814822406e-4	8.077116004339135e-4	182	878
P_threshold_1e-05_mesa_fever_or_diarrhea	mesa_fever_or_diarrhea	0.43360373604652075	0.4466197069131393	0.5279683377308707	0.5291336851363236	0.0040360652254047835	0.002229119610860253	33	84
P_threshold_1e-06_mesa_fever_or_diarrhea	mesa_fever_or_diarrhea	0.9879013356672276	0.35947377465106184	0.5389182058047494	0.5167106420404574	0.014878552293180691	0.002934780874462084	4	4
P_threshold_0.03_mesa_fever_or_diarrhea	mesa_fever_or_diarrhea	0.8267692747887432	0.03235580612609231	0.5344327176781003	0.5945910290237467	1.8786843405138587e-4	0.018322736698009767	23942	146472
P_threshold_0.003_mesa_fever_or_diarrhea	mesa_fever_or_diarrhea	0.284534485067404	0.34809610048897077	0.5817941952506597	0.5322999120492524	0.004472862970353875	0.0034878246647020994	3202	14385
P_threshold_3e-04_mesa_fever_or_diarrhea	mesa_fever_or_diarrhea	0.21227134423224403	0.8963903128684333	0.5991204925241864	0.5009234828496042	0.005649606808632801	6.662014270775174e-5	460	1932
P_threshold_3e-05_mesa_fever_or_diarrhea	mesa_fever_or_diarrhea	0.3750460988389869	0.8198763588058778	0.5308487247141601	0.5338390501319261	0.004267751070165859	2.041403929984309e-4	65	237
P_threshold_0.3_mesa_fever_or_diarrhea	mesa_fever_or_diarrhea	0.8446348610540552	0.4562772968176112	0.48863236587510994	0.5241864555848724	1.5083487640055182e-4	0.0021790139808617326	203816	1604787
