Chr	POS	P	Allele1	Allele2	Freq1	Effect	StdErr
1	20165971	4.26e-95	C	T	0.4482	-0.2274	0.011
1	20171514	1.524e-86	T	G	0.5512	0.222	0.0113
1	20201913	2.774e-79	G	T	0.5243	0.2054	0.0109
1	20194682	1.563e-78	A	C	0.476	-0.2044	0.0109
1	20194702	2.415e-78	T	A	0.5238	0.2042	0.0109
1	20163868	1.567e-74	C	T	0.3807	-0.2011	0.011
1	20163440	7.974e-73	C	A	0.3803	-0.2049	0.0114
1	20205418	2.791e-70	A	G	0.5013	-0.193	0.0109
1	20213965	1.439e-68	A	G	0.5016	-0.1888	0.0108
1	20172956	2.643e-67	T	G	0.4008	0.1899	0.011
1	20238343	1.144e-59	A	G	0.5234	-0.1794	0.011
1	20142866	1.877e-52	C	T	0.6325	0.1679	0.011
1	20180202	1.478e-47	C	T	0.6485	-0.157	0.0108
1	20227723	3.385e-45	G	C	0.5564	0.2231	0.0158
1	20202289	8.107e-45	T	C	0.2462	-0.1615	0.0115
1	20171860	1.203e-43	G	A	0.4507	-0.2191	0.0158
1	20181167	1.752e-42	C	T	0.7533	0.1565	0.0115
1	20184188	1.928e-42	T	G	0.2466	-0.1563	0.0115
1	20177398	2.051e-42	T	A	0.2468	-0.1567	0.0115
1	20188401	2.314e-42	T	A	0.7534	0.1562	0.0115
1	20202506	2.7e-42	A	G	0.2457	-0.1563	0.0115
1	20185692	4.415e-42	T	A	0.7534	0.1559	0.0115
1	20191436	6.281e-42	T	C	0.246	-0.1555	0.0115
1	20188656	6.377e-42	G	A	0.7534	0.1553	0.0115
1	20185591	1.909e-40	G	A	0.7537	0.1546	0.0116
1	20185496	3.88e-39	C	T	0.8092	0.1704	0.013
1	20200990	5.695e-39	A	G	0.4725	-0.2038	0.0156
1	20198937	1.441e-38	A	G	0.4725	-0.2027	0.0156
7	107480315	6.839e-38	T	C	0.5896	-0.1388	0.0108
7	107491324	2.579e-37	G	C	0.587	-0.1373	0.0108
7	107480126	5.731e-37	A	T	0.3898	0.1377	0.0108
1	20211670	6.23e-36	G	A	0.7285	0.1376	0.011
1	20173858	3.214e-35	T	C	0.6159	0.203	0.0164
1	20208783	4.002e-35	T	C	0.2651	-0.1377	0.0111
1	20244408	5.124e-35	T	C	0.33	-0.1336	0.0108
1	20243833	1.035e-34	G	T	0.6712	0.1327	0.0108
7	107493598	1.405e-34	T	C	0.6012	-0.1316	0.0107
1	20202353	3.542e-34	T	C	0.3458	-0.1311	0.0108
1	20200691	4.923e-34	A	G	0.346	-0.1308	0.0108
7	107495331	9.516e-34	G	A	0.4018	0.1293	0.0107
1	20238860	3.171e-33	C	G	0.2643	-0.1331	0.0111
1	20211233	5.005e-33	G	A	0.7352	0.1327	0.0111
1	20211608	5.831e-33	C	T	0.7354	0.1326	0.0111
7	107500247	1.104e-32	G	A	0.4209	0.1273	0.0107
7	107496038	2.071e-32	T	A	0.4027	0.1281	0.0108
7	107495217	2.757e-32	T	C	0.5979	-0.1266	0.0107
7	107495145	3.218e-32	C	T	0.4025	0.1277	0.0108
7	107502462	5.091e-32	A	C	0.5796	-0.1258	0.0107
1	20212747	1.295e-31	G	T	0.6121	0.1255	0.0107
7	107495434	1.474e-31	G	A	0.4024	0.1265	0.0108
7	107568663	2.145e-31	T	C	0.5746	-0.1278	0.011
1	20216860	2.39e-31	G	A	0.5037	0.1819	0.0156
20	43065028	3.3790000000000002e-31	A	C	0.521	0.1962	0.0169
1	20188960	3.512e-31	C	T	0.6436	0.1248	0.0107
7	107516709	3.945e-31	A	G	0.5791	-0.1242	0.0107
1	20186581	4.108e-31	T	G	0.3564	-0.1245	0.0107
7	107560191	4.206e-31	C	T	0.4133	0.1243	0.0107
7	107500130	6.271e-31	C	T	0.4225	0.1238	0.0107
7	107563586	9.702e-31	A	G	0.5786	-0.1231	0.0107
7	107499996	1.034e-30	A	G	0.5778	-0.123	0.0107
7	107499947	1.055e-30	T	C	0.5778	-0.1231	0.0107
7	107559911	1.103e-30	G	A	0.4255	0.1267	0.011
7	107500913	1.512e-30	A	G	0.5774	-0.1227	0.0107
7	107564366	1.628e-30	T	G	0.5749	-0.1228	0.0107
7	107512495	1.699e-30	T	C	0.5787	-0.1228	0.0107
7	107500497	1.847e-30	C	T	0.4239	0.1225	0.0107
7	107561155	2.192e-30	T	C	0.5755	-0.1224	0.0107
7	107530486	2.617e-30	G	T	0.4249	0.1221	0.0107
7	107509781	2.748e-30	A	G	0.5778	-0.1223	0.0107
1	20173036	2.811e-30	G	A	0.6145	-0.1818	0.0159
7	107551008	2.849e-30	G	A	0.4257	0.1221	0.0107
7	107560682	2.915e-30	T	C	0.5755	-0.1222	0.0107
7	107512610	3.026e-30	G	A	0.4214	0.1223	0.0107
7	107527355	3.174e-30	G	C	0.4242	0.122	0.0107
7	107515300	3.416e-30	C	T	0.4231	0.122	0.0107
7	107532090	3.74e-30	T	C	0.5752	-0.1219	0.0107
7	107544208	4.455e-30	C	G	0.4248	0.1218	0.0107
7	107528102	4.955e-30	A	G	0.5743	-0.1216	0.0107
7	107545799	4.992e-30	T	C	0.5757	-0.1216	0.0107
7	107478227	5.012e-30	A	G	0.5226	-0.1254	0.011
7	107509273	5.324e-30	G	A	0.4228	0.1218	0.0107
7	107584780	8.038e-30	G	T	0.4555	0.1243	0.011
7	107540405	1.07e-29	G	A	0.4247	0.121	0.0107
7	107538503	1.204e-29	C	G	0.4249	0.1209	0.0107
7	107515524	1.22e-29	C	T	0.4224	0.1209	0.0107
2	241567962	1.339e-29	C	G	0.7467	0.1341	0.0119
2	241579169	1.355e-29	T	C	0.7321	0.1327	0.0117
7	107581936	1.605e-29	A	G	0.5721	-0.1212	0.0107
7	107508000	2.475e-29	T	C	0.4032	-0.1257	0.0112
7	107486638	2.942e-29	C	T	0.6262	0.12	0.0107
7	107566488	3.587e-29	G	T	0.4238	0.1199	0.0107
7	107542662	3.653e-29	T	C	0.5754	-0.121	0.0108
7	107569517	4.075e-29	A	G	0.3955	-0.1209	0.0108
7	107566430	6.518e-29	A	G	0.577	-0.1193	0.0107
7	107565138	1.36e-28	C	T	0.427	0.1188	0.0107
7	107560651	1.987e-28	G	T	0.605	0.1189	0.0108
7	107519723	1.988e-28	A	G	0.4011	-0.1189	0.0107
1	20200125	2.476e-28	C	T	0.8705	0.1725	0.0156
1	20211101	2.548e-28	G	A	0.6205	0.1183	0.0107
7	107485295	2.586e-28	A	C	0.3816	-0.1188	0.0108
7	107525732	2.999e-28	C	A	0.6049	0.1184	0.0107
7	107551759	3.002e-28	C	G	0.6037	0.1186	0.0108
7	107536545	3.023e-28	G	A	0.6039	0.1185	0.0107
7	107544531	3.063e-28	G	A	0.6042	0.1186	0.0108
7	107519996	3.205e-28	G	A	0.5985	0.1184	0.0107
7	107500560	3.231e-28	A	G	0.4037	-0.118	0.0107
7	107535236	3.572e-28	C	G	0.3954	-0.1183	0.0107
7	107534132	3.745e-28	T	C	0.396	-0.1182	0.0107
2	241587029	3.757e-28	C	T	0.2668	-0.1267	0.0115
7	107500335	3.912e-28	G	A	0.597	0.1181	0.0107
1	20192876	3.938e-28	A	T	0.1295	-0.1719	0.0156
1	20171884	4.033e-28	T	C	0.8005	0.1411	0.0128
7	107522867	4.047e-28	T	C	0.3959	-0.1184	0.0108
7	107500994	4.09e-28	A	C	0.4035	-0.1179	0.0107
7	107583626	4.474e-28	G	A	0.432	0.1183	0.0108
7	107500486	4.609e-28	A	G	0.4031	-0.1179	0.0107
7	107555179	4.917e-28	G	T	0.6046	0.118	0.0107
7	107561392	4.927e-28	G	A	0.6054	0.1185	0.0108
7	107487177	5.701e-28	A	G	0.3805	-0.1173	0.0107
7	107502671	5.906e-28	G	A	0.5963	0.1182	0.0108
7	107526014	5.955e-28	T	A	0.3956	-0.1179	0.0108
7	107531279	6.249e-28	A	T	0.6044	0.1177	0.0107
7	107579674	6.64e-28	A	T	0.5722	-0.1172	0.0107
1	20190672	6.961e-28	G	A	0.8705	0.1715	0.0157
1	20187511	7.049e-28	C	T	0.8705	0.1711	0.0156
2	241586960	8.72e-28	T	G	0.7341	0.1257	0.0115
7	107544742	9.948e-28	T	C	0.3956	-0.1177	0.0108
7	107536298	1.075e-27	A	G	0.5761	-0.1184	0.0109
1	20190071	1.11e-27	C	T	0.8705	0.1706	0.0156
7	107504332	1.248e-27	T	C	0.4047	-0.1169	0.0107
7	107540244	1.306e-27	T	C	0.3943	-0.1205	0.0111
7	107502141	1.621e-27	G	T	0.5972	0.1165	0.0107
1	20209469	1.637e-27	A	C	0.3797	-0.1164	0.0107
7	107575162	1.698e-27	C	T	0.6072	0.1171	0.0108
7	107453103	2.138e-27	G	A	0.5678	0.1151	0.0106
7	107545586	2.666e-27	G	A	0.6044	0.1143	0.0106
2	241585584	2.798e-27	G	T	0.2667	-0.125	0.0116
7	107579603	4.016e-27	A	G	0.5898	-0.1162	0.0108
13	27531267	4.224e-27	T	C	0.1867	0.1357	0.0126
2	241581451	7.516e-27	C	G	0.2675	-0.1275	0.0119
7	107575557	1.346e-26	G	A	0.6084	0.1151	0.0108
7	107574784	3.929e-26	G	A	0.6089	0.1141	0.0108
2	241584754	4.165e-26	G	C	0.7352	0.128	0.0121
7	107583241	5.312e-26	G	A	0.6084	0.1155	0.011
13	27536972	1.04e-25	G	A	0.8113	-0.1314	0.0125
1	20135822	1.456e-25	T	C	0.764	-0.1226	0.0117
2	241570391	1.471e-25	A	G	0.7471	0.1227	0.0117
2	241578537	1.848e-25	C	G	0.7325	0.1203	0.0115
1	20137714	2.246e-25	T	C	0.7657	-0.122	0.0117
7	107479719	2.327e-25	T	C	0.4758	-0.113	0.0109
2	241591644	2.571e-25	G	A	0.27	-0.119	0.0114
1	20193622	3.805e-25	A	C	0.1147	-0.1702	0.0164
7	107581346	4.488e-25	T	C	0.6055	-0.1105	0.0107
7	107581115	5.669e-25	C	G	0.6079	-0.1103	0.0107
7	107581035	6.481e-25	A	G	0.608	-0.1101	0.0107
2	241586810	6.703e-25	G	A	0.27	-0.1181	0.0115
7	107479828	8.765e-25	G	T	0.6975	0.1106	0.0108
7	107559137	9.627e-25	A	G	0.3513	-0.1101	0.0107
1	20203803	1.437e-24	T	C	0.1145	-0.1676	0.0164
11	114430609	1.495e-24	C	T	0.6653	0.1116	0.0109
20	43072706	1.991e-24	T	A	0.5573	0.1118	0.011
1	20247890	1.991e-24	A	G	0.1146	-0.1678	0.0164
2	241570736	2.846e-24	A	G	0.7469	0.1187	0.0117
11	114429934	2.972e-24	A	G	0.3347	-0.1104	0.0109
20	43068996	3.135e-24	G	A	0.4662	-0.1103	0.0109
7	107581579	3.18e-24	C	T	0.3976	0.1088	0.0107
11	114430410	3.745e-24	A	G	0.3347	-0.1105	0.0109
11	114430047	3.8e-24	C	G	0.3347	-0.1101	0.0109
1	20219690	5.071e-24	C	T	0.887	0.1665	0.0165
1	20214692	5.203e-24	G	A	0.887	0.1664	0.0165
1	20241578	5.741e-24	C	G	0.1147	-0.1666	0.0165
11	114393652	5.786e-24	C	T	0.6655	0.1098	0.0109
1	20222360	6.129e-24	G	A	0.8856	0.1658	0.0164
11	114428783	6.523e-24	G	A	0.6667	0.1101	0.0109
2	241576626	8.715e-24	T	G	0.7515	0.1196	0.0119
11	114431554	1.031e-23	T	C	0.3334	-0.1092	0.0109
11	114413446	1.17e-23	G	T	0.6656	0.1094	0.0109
7	107477440	1.289e-23	G	T	0.537	0.11	0.011
11	114387956	1.327e-23	G	A	0.6661	0.1095	0.0109
13	27543401	1.416e-23	A	G	0.2359	0.1148	0.0115
1	20242016	1.441e-23	G	A	0.8856	0.1649	0.0165
1	20213087	1.503e-23	C	A	0.8881	0.1672	0.0167
7	107570927	1.607e-23	T	C	0.6042	-0.1124	0.0112
13	27542276	1.809e-23	C	A	0.7647	-0.1139	0.0114
7	107573268	1.99e-23	C	A	0.393	0.1064	0.0107
11	114441123	2.035e-23	T	C	0.3333	-0.1087	0.0109
13	27542030	2.118e-23	T	C	0.2358	0.1135	0.0114
11	114441248	2.439e-23	C	T	0.6667	0.1085	0.0109
13	27542847	2.839e-23	C	T	0.7646	-0.1138	0.0114
11	114441943	2.843e-23	G	A	0.6685	0.1085	0.0109
7	107476870	4.454e-23	C	G	0.45	0.1117	0.0113
13	27543013	5.734e-23	G	A	0.7644	-0.1125	0.0114
2	199499443	8.367e-23	A	G	0.4574	0.1111	0.0113
2	241588985	1.192e-22	A	G	0.4072	0.1116	0.0114
13	27543757	1.285e-22	C	T	0.7641	-0.1126	0.0115
13	27526265	1.427e-22	G	A	0.7365	-0.113	0.0116
1	20167341	4.944e-22	G	A	0.7586	0.1773	0.0184
1	20228520	5.297e-22	C	G	0.8857	0.1596	0.0166
2	199606360	1.094e-21	G	A	0.5296	-0.105	0.011
7	107586254	1.117e-21	C	T	0.5723	0.105	0.011
7	107476913	2.029e-21	T	G	0.5782	-0.108	0.0114
11	114323972	2.659e-21	A	G	0.3639	-0.1041	0.011
7	107585844	2.669e-21	C	T	0.5775	0.1037	0.0109
7	107479007	3.052e-21	C	T	0.7291	0.105	0.0111
7	107477472	3.417e-21	G	A	0.4956	0.1044	0.011
2	199594138	5.722e-21	G	A	0.5209	-0.1027	0.0109
2	199513555	5.882e-21	A	T	0.5533	-0.1022	0.0109
7	107492789	7.136e-21	A	G	0.4311	-0.1492	0.0159
2	199522858	8.439e-21	C	A	0.5506	-0.1028	0.011
2	199584179	1.244e-20	A	G	0.4724	0.1027	0.011
2	199601925	1.289e-20	G	A	0.5267	-0.1022	0.011
2	199516059	1.328e-20	G	A	0.553	-0.1011	0.0109
2	199518159	1.527e-20	C	T	0.536	-0.1006	0.0108
2	199542312	1.755e-20	C	A	0.5384	-0.1008	0.0109
1	20140036	2.238e-20	G	A	0.8182	-0.1859	0.0201
2	199522842	2.301e-20	G	A	0.5382	-0.1003	0.0108
20	43065275	2.523e-20	C	G	0.4398	-0.1052	0.0114
2	199520605	2.647e-20	G	A	0.5336	-0.1003	0.0109
2	199537086	3.069e-20	C	T	0.54	-0.0998	0.0108
2	199542718	3.235e-20	C	T	0.5424	-0.0997	0.0108
2	199543059	3.29e-20	T	A	0.5436	-0.0997	0.0108
2	199542837	3.69e-20	C	A	0.544	-0.0994	0.0108
2	199530324	3.848e-20	G	A	0.5384	-0.0995	0.0108
2	199559177	3.96e-20	C	T	0.5041	0.0997	0.0108
2	199529606	4.03e-20	T	A	0.5382	-0.0995	0.0108
2	199514757	4.079e-20	G	T	0.5421	-0.0997	0.0109
2	199543380	4.321e-20	C	T	0.5436	-0.0992	0.0108
2	199536602	4.909e-20	C	T	0.5403	-0.0992	0.0108
2	199542506	5.332e-20	G	A	0.5392	-0.0995	0.0109
2	199520404	5.565e-20	T	C	0.4806	0.0988	0.0108
2	199567687	5.64e-20	C	T	0.5039	-0.0999	0.0109
2	199504765	5.676e-20	C	G	0.5493	-0.1	0.0109
2	199601532	5.7e-20	T	A	0.51	-0.0999	0.0109
13	27530715	5.948e-20	C	T	0.2654	0.1037	0.0113
2	199498173	6.114e-20	A	T	0.549	-0.0998	0.0109
2	199538710	7.466e-20	C	T	0.5349	-0.0987	0.0108
2	199542619	8.298e-20	T	G	0.4612	0.0992	0.0109
2	199581514	8.727e-20	T	G	0.5146	0.1011	0.0111
2	199507941	1.12e-19	A	G	0.4572	0.0991	0.0109
2	199519691	1.214e-19	G	T	0.6117	-0.099	0.0109
7	107568599	1.214e-19	G	A	0.3264	0.0994	0.011
2	199539455	1.266e-19	A	G	0.4675	0.0981	0.0108
2	199545018	1.368e-19	G	A	0.5376	-0.0985	0.0109
2	199500000	1.456e-19	A	G	0.4508	0.0988	0.0109
2	199571750	1.539e-19	T	C	0.5094	0.0984	0.0109
2	199572092	1.633e-19	G	T	0.4943	-0.0985	0.0109
2	199539085	2.043e-19	G	C	0.5317	-0.098	0.0109
1	20173263	2.085e-19	A	G	0.3478	0.1418	0.0157
2	199536340	2.1e-19	G	A	0.5371	-0.0977	0.0108
2	199506556	2.41e-19	G	T	0.5505	-0.0987	0.011
2	199544091	2.417e-19	C	T	0.5391	-0.0977	0.0109
2	199540532	2.964e-19	T	C	0.47	0.0975	0.0109
1	20173440	3.494e-19	A	T	0.9347	-0.1727	0.0193
2	199545371	3.563e-19	A	C	0.4658	0.0973	0.0109
2	199504423	3.645e-19	A	G	0.469	0.0971	0.0109
11	114397499	3.918e-19	T	C	0.2661	-0.102	0.0114
2	199558921	4.258e-19	C	T	0.537	-0.0968	0.0108
2	199497285	4.45e-19	A	G	0.4779	0.0981	0.011
2	199557971	4.64e-19	C	T	0.5497	-0.097	0.0109
2	199534281	4.753e-19	A	G	0.4702	0.0971	0.0109
2	199561760	5.135e-19	A	G	0.4565	0.0972	0.0109
2	199573857	5.776e-19	A	C	0.5163	0.0975	0.011
2	199558179	6.423e-19	G	A	0.5503	-0.0966	0.0109
2	199557725	6.681e-19	C	T	0.5496	-0.0966	0.0109
2	199562966	8.765e-19	T	G	0.4695	0.0963	0.0109
2	241588915	8.792e-19	G	A	0.3016	-0.0969	0.011
2	199541175	1.027e-18	A	G	0.4703	0.0961	0.0109
2	199572781	1.116e-18	G	A	0.505	-0.0987	0.0112
2	199542357	1.2270000000000001e-18	T	C	0.4617	0.0967	0.011
2	199533654	1.533e-18	A	G	0.4699	0.0953	0.0108
11	114439662	1.567e-18	C	G	0.7354	0.1003	0.0114
2	199560757	2.026e-18	A	G	0.0283	0.2576	0.0294
2	199538613	2.456e-18	T	C	0.4648	0.0974	0.0111
1	20251460	3.056e-18	G	C	0.9106	0.1626	0.0187
2	199607372	3.259e-18	G	C	0.9758	-0.2792	0.0321
2	199499356	5.799e-18	C	T	0.5886	-0.0937	0.0109
1	20153661	7.857e-18	T	C	0.167	-0.1191	0.0138
1	20251206	8.023e-18	G	A	0.909	0.1584	0.0184
1	20159377	8.127e-18	T	A	0.8218	-0.1128	0.0131
7	128573967	8.959e-18	G	A	0.5513	-0.0927	0.0108
20	43086395	9.986e-18	C	A	0.5311	-0.0955	0.0111
7	107541557	1.117e-17	A	T	0.5809	-0.1232	0.0144
1	20203634	1.2e-17	T	A	0.6657	0.1398	0.0163
2	199625153	1.204e-17	G	A	0.6381	-0.0948	0.0111
7	107565007	1.236e-17	A	C	0.5807	-0.1298	0.0152
2	199653885	2.668e-17	C	A	0.6405	-0.0928	0.011
11	114425074	2.991e-17	T	C	0.4701	-0.0931	0.011
2	199638507	3.079e-17	G	A	0.6308	-0.0925	0.011
1	20214326	3.166e-17	A	G	0.1608	0.1101	0.013
2	199635641	3.252e-17	G	A	0.6373	-0.0916	0.0109
11	114402263	3.258e-17	A	G	0.47	-0.0931	0.011
7	107515005	3.649e-17	A	G	0.3987	-0.1317	0.0156
11	114436944	4.239e-17	A	G	0.4693	-0.0927	0.011
2	241608453	4.578e-17	G	A	0.7214	0.1462	0.0174
11	114387150	4.755e-17	T	C	0.4706	-0.0929	0.0111
20	43086992	5.354e-17	T	C	0.4998	0.0925	0.011
2	199620460	5.828e-17	A	C	0.3767	0.0921	0.011
11	114442103	7.801e-17	A	G	0.4693	-0.0922	0.0111
1	20245708	8.191e-17	C	T	0.763	0.1015	0.0122
1	20228090	8.756e-17	G	A	0.8398	-0.1081	0.013
11	114442265	8.975e-17	G	A	0.5308	0.092	0.0111
2	199519513	9.588e-17	T	C	0.0226	0.2676	0.0322
7	107509652	1.022e-16	G	A	0.4129	0.1312	0.0158
7	107586518	1.09e-16	A	C	0.705	-0.0889	0.0107
11	114410662	1.186e-16	T	G	0.4701	-0.0916	0.0111
1	20243147	1.488e-16	T	G	0.186	0.1002	0.0121
11	114384530	1.717e-16	C	T	0.5294	0.0912	0.0111
1	20250799	1.738e-16	C	T	0.901	0.1469	0.0178
2	241582043	1.788e-16	C	T	0.3315	-0.0921	0.0112
1	20222500	2.191e-16	G	A	0.7443	0.1463	0.0178
7	107540074	2.42e-16	A	G	0.3873	-0.1257	0.0153
1	20188458	2.515e-16	T	G	0.3443	-0.1325	0.0162
1	20211558	3.023e-16	C	G	0.2567	-0.1464	0.0179
7	107484437	3.148e-16	G	A	0.6246	0.1332	0.0163
7	107580839	3.84e-16	A	G	0.6141	-0.1292	0.0159
2	199614070	3.878e-16	A	G	0.378	0.0889	0.0109
11	114384985	4.067e-16	G	A	0.5302	0.0901	0.0111
1	20221657	4.073e-16	C	T	0.815	-0.0986	0.0121
1	20213866	4.367e-16	C	T	0.8801	0.1868	0.023
7	128580680	6.225e-16	G	T	0.4953	-0.0885	0.0109
11	114352448	8.801e-16	C	G	0.679	0.0889	0.0111
1	2512452	9.676e-16	G	A	0.5128	0.0863	0.0107
11	114344173	9.743e-16	C	T	0.7043	0.0895	0.0112
11	114381448	1.482e-15	G	A	0.5347	0.0885	0.0111
2	199745018	1.581e-15	C	A	0.3191	0.0822	0.0103
7	107503441	1.589e-15	A	C	0.3959	-0.1234	0.0155
2	199612407	1.872e-15	T	C	0.3875	0.0872	0.011
1	20198827	2.429e-15	G	T	0.9605	-0.1885	0.0238
1	20193163	2.813e-15	G	A	0.9606	-0.1884	0.0239
11	114450529	3.227e-15	T	A	0.482	0.087	0.011
2	241607280	3.843e-15	G	A	0.6495	0.1303	0.0166
1	20181095	4.462e-15	G	A	0.9508	-0.1694	0.0216
1	20179963	5.013e-15	C	A	0.9508	-0.1697	0.0217
1	20187321	6.001e-15	G	A	0.9508	-0.1689	0.0216
1	20182322	6.122e-15	C	T	0.9508	-0.1685	0.0216
1	20179042	6.228e-15	C	A	0.9508	-0.1689	0.0217
2	199581722	7.651e-15	C	T	0.775	0.0947	0.0122
1	20233405	7.895e-15	A	G	0.1424	0.1106	0.0142
13	27537873	8.453e-15	T	C	0.4403	0.0852	0.011
4	103506444	8.636e-15	T	C	0.3591	0.0849	0.0109
2	199566963	8.8e-15	G	T	0.795	0.0985	0.0127
7	128581835	9.427e-15	A	G	0.4628	0.0846	0.0109
1	2478511	9.809e-15	T	A	0.5073	0.082	0.0106
7	128579202	1.035e-14	T	C	0.4715	0.084	0.0109
1	20243910	1.258e-14	A	G	0.0914	-0.1303	0.0169
1	20248709	1.42e-14	A	G	0.1183	-0.1183	0.0154
2	241563739	1.556e-14	G	A	0.8017	-0.1554	0.0202
1	20249510	1.707e-14	G	A	0.7623	0.0938	0.0122
1	20248651	2.371e-14	A	G	0.1182	-0.117	0.0153
11	114349840	2.392e-14	C	T	0.5035	0.0844	0.0111
1	2513055	2.423e-14	A	T	0.4867	-0.0803	0.0105
2	199583095	2.438e-14	C	T	0.2804	-0.0855	0.0112
13	27528347	2.659e-14	G	A	0.6761	-0.0855	0.0112
1	20142320	2.834e-14	C	T	0.9183	-0.1383	0.0182
1	20246876	3.135e-14	C	T	0.9087	0.1285	0.0169
13	27543810	3.176e-14	A	G	0.3973	-0.0859	0.0113
1	20187630	3.182e-14	G	A	0.9503	-0.1641	0.0216
1	2511280	3.448e-14	C	T	0.5131	0.0798	0.0105
13	27542235	3.473e-14	G	A	0.4565	0.0832	0.011
13	27528301	3.74e-14	A	G	0.3267	0.0838	0.0111
13	27534683	3.913e-14	C	A	0.443	0.0856	0.0113
20	43119938	3.948e-14	C	T	0.4764	0.0831	0.011
13	27539201	3.987e-14	G	A	0.458	0.083	0.011
11	114324026	4.121e-14	A	G	0.484	-0.0836	0.0111
1	20197978	4.56e-14	G	C	0.1387	-0.183	0.0243
20	43123028	4.935e-14	G	A	0.4738	0.083	0.011
1	20248361	5.079e-14	T	G	0.1182	-0.1153	0.0153
7	107479519	5.105e-14	C	A	0.7277	0.1352	0.018
13	27532117	5.227e-14	A	G	0.5576	-0.083	0.011
2	199592900	5.715e-14	G	A	0.2832	-0.0842	0.0112
1	2474205	5.747e-14	T	C	0.4888	-0.0834	0.0111
1	20244739	5.757e-14	C	G	0.9085	0.1285	0.0171
16	50335074	6.094e-14	C	A	0.995	-0.6991	0.0931
11	114366732	6.276e-14	T	C	0.4973	-0.0831	0.0111
13	27532164	6.827e-14	C	T	0.442	0.0827	0.011
2	199580726	6.965e-14	G	T	0.2811	-0.0835	0.0111
1	2502834	9.513e-14	A	G	0.486	-0.0786	0.0106
7	107502965	9.561e-14	C	G	0.6509	0.1227	0.0165
2	199582660	1.094e-13	A	G	0.7277	0.0846	0.0114
2	241569692	1.16e-13	C	T	0.8273	-0.1555	0.021
11	114333923	1.171e-13	A	G	0.4951	-0.0822	0.0111
1	2504234	1.232e-13	C	A	0.5336	0.0778	0.0105
2	199583046	1.255e-13	T	A	0.2721	-0.0845	0.0114
1	20253340	1.445e-13	G	A	0.96	0.2047	0.0277
1	2513216	1.452e-13	C	T	0.5332	0.0773	0.0105
1	2513678	1.75e-13	A	T	0.4667	-0.0771	0.0105
1	2472081	1.858e-13	T	C	0.4873	-0.0784	0.0107
20	43068239	1.859e-13	G	A	0.7505	-0.083	0.0113
13	27533642	2.091e-13	G	A	0.4339	0.0809	0.011
1	2502010	2.092e-13	T	C	0.4873	-0.0774	0.0105
2	199577379	2.108e-13	C	T	0.2582	-0.0854	0.0116
2	199581372	2.127e-13	T	C	0.7442	0.0852	0.0116
1	20238466	2.23e-13	A	G	0.1353	-0.1109	0.0151
20	43169630	2.678e-13	G	C	0.5601	-0.0804	0.011
2	199577125	2.733e-13	G	A	0.2578	-0.085	0.0116
2	199582579	2.744e-13	G	A	0.2741	-0.086	0.0118
11	114328285	2.85e-13	A	G	0.4952	-0.0808	0.0111
7	27231762	2.913e-13	C	T	0.1816	0.0922	0.0126
2	199571480	3.004e-13	T	C	0.7425	0.0846	0.0116
16	68606590	3.119e-13	A	G	0.7849	0.0872	0.012
2	199578617	3.174e-13	T	C	0.7432	0.0849	0.0116
2	199576145	3.366e-13	T	C	0.7437	0.0847	0.0116
2	199576852	3.385e-13	A	G	0.7429	0.0848	0.0116
1	20219758	3.392e-13	C	G	0.0362	-0.201	0.0276
20	43075437	3.497e-13	T	C	0.2581	0.0804	0.011
16	68590610	3.672e-13	C	A	0.2151	-0.0869	0.012
16	68603988	3.869e-13	C	A	0.2151	-0.087	0.012
11	114326954	3.899e-13	C	G	0.4956	-0.0805	0.0111
16	68591156	4.324e-13	T	A	0.785	0.0865	0.0119
11	114326834	4.4e-13	A	G	0.4958	-0.0802	0.0111
7	128580042	4.504e-13	A	G	0.4743	0.0788	0.0109
20	43074151	4.971e-13	C	A	0.6226	-0.0817	0.0113
2	199576537	5.055e-13	T	C	0.7431	0.0841	0.0116
5	540731	5.209e-13	T	C	0.2795	-0.0816	0.0113
2	241595909	5.516e-13	C	T	0.8186	-0.0922	0.0128
2	199575723	5.807e-13	T	C	0.7423	0.0837	0.0116
16	30495412	6.248e-13	T	C	0.5743	-0.0795	0.011
20	43208552	6.784e-13	G	C	0.4402	0.0785	0.0109
20	43209835	7.757e-13	T	C	0.5601	-0.0786	0.011
4	103432974	8.474e-13	G	A	0.6063	-0.0761	0.0106
2	199569646	9.26e-13	G	A	0.2701	-0.0821	0.0115
2	199590484	9.667e-13	G	A	0.3201	-0.0811	0.0114
2	199572896	1.001e-12	A	G	0.742	0.0828	0.0116
16	68607486	1.037e-12	T	A	0.2176	-0.0852	0.012
2	199594244	1.077e-12	G	T	0.3212	-0.0787	0.0111
1	20219433	1.082e-12	C	T	0.9243	0.1383	0.0194
20	43086648	1.09e-12	G	A	0.6128	-0.0783	0.011
16	68595776	1.093e-12	C	T	0.2179	-0.0848	0.0119
20	43212409	1.162e-12	A	G	0.5601	-0.0781	0.011
11	114319760	1.206e-12	A	G	0.2955	-0.0782	0.011
2	199604857	1.229e-12	G	A	0.324	-0.0786	0.0111
16	68608256	1.261e-12	T	C	0.782	0.0849	0.012
16	68593042	1.319e-12	G	C	0.218	-0.0845	0.0119
16	68603852	1.367e-12	G	T	0.218	-0.0846	0.0119
2	199605159	1.395e-12	T	C	0.3135	-0.0785	0.0111
16	68557114	1.438e-12	G	A	0.8094	0.089	0.0126
16	68604954	1.595e-12	T	C	0.782	0.0845	0.012
16	68569312	1.623e-12	C	T	0.2175	-0.0843	0.0119
16	68589433	1.635e-12	G	A	0.2181	-0.0842	0.0119
2	199567711	1.65e-12	A	G	0.7303	0.0825	0.0117
16	68580890	1.659e-12	A	G	0.7821	0.0845	0.012
16	68600855	1.69e-12	G	T	0.218	-0.0841	0.0119
16	68604126	1.694e-12	A	G	0.782	0.0844	0.012
16	68596775	1.715e-12	T	C	0.7826	0.0842	0.0119
16	68639234	1.735e-12	A	T	0.7775	0.0831	0.0118
2	199567804	1.739e-12	A	C	0.7296	0.0812	0.0115
16	68589300	1.772e-12	T	G	0.782	0.084	0.0119
16	68569224	1.819e-12	G	C	0.2175	-0.0842	0.0119
16	68560199	1.868e-12	A	G	0.7826	0.0845	0.012
16	68606726	1.876e-12	G	A	0.2181	-0.0842	0.0119
7	107590397	1.897e-12	C	T	0.6433	0.0766	0.0109
16	68593002	2.026e-12	A	T	0.782	0.0839	0.0119
2	199589981	2.056e-12	G	A	0.3212	-0.0776	0.011
16	68600440	2.2e-12	A	G	0.7822	0.0836	0.0119
16	68558467	2.219e-12	G	A	0.8091	0.0884	0.0126
11	114393314	2.5829999999999998e-12	T	C	0.6502	-0.0789	0.0113
16	68558334	2.662e-12	C	T	0.8092	0.0882	0.0126
4	103475444	2.859e-12	G	T	0.4096	0.0749	0.0107
16	30471109	2.921e-12	T	C	0.5453	-0.0773	0.0111
11	114337014	3.165e-12	G	C	0.7477	0.0831	0.0119
16	68579746	3.195e-12	C	A	0.2203	-0.0829	0.0119
16	68605741	3.217e-12	G	A	0.2132	-0.0864	0.0124
16	68607943	3.235e-12	C	T	0.218	-0.0833	0.012
16	68595197	3.404e-12	G	A	0.2184	-0.0828	0.0119
1	20238373	3.416e-12	G	A	0.945	-0.1504	0.0216
16	68581378	3.502e-12	C	A	0.2204	-0.0831	0.0119
16	68635877	3.633e-12	G	C	0.2227	-0.0818	0.0118
16	68568427	3.702e-12	G	A	0.2203	-0.0826	0.0119
16	68603335	3.717e-12	G	A	0.2178	-0.0846	0.0122
16	68571457	4e-12	A	C	0.7796	0.0825	0.0119
16	68572347	4.199e-12	C	T	0.2204	-0.0824	0.0119
11	114286669	4.231e-12	T	C	0.2422	-0.0818	0.0118
16	68567794	4.291e-12	A	T	0.2204	-0.0824	0.0119
11	114314972	4.345e-12	C	T	0.7606	0.0824	0.0119
16	30500985	4.54e-12	A	G	0.5779	-0.0767	0.0111
16	68581051	4.546e-12	G	A	0.2204	-0.0824	0.0119
5	581772	4.579e-12	A	G	0.1823	-0.0901	0.013
16	68576577	4.584e-12	C	T	0.2204	-0.0823	0.0119
16	68596401	4.699e-12	C	A	0.2184	-0.0824	0.0119
7	128572766	4.715e-12	G	A	0.5011	-0.0738	0.0107
16	68584151	4.804e-12	G	A	0.2204	-0.0824	0.0119
16	68577260	5.02e-12	G	A	0.2204	-0.082	0.0119
16	68572292	5.036e-12	G	C	0.7796	0.0825	0.012
16	68581209	5.117e-12	A	G	0.7799	0.0823	0.0119
16	68570989	5.186e-12	A	T	0.2204	-0.0822	0.0119
20	43141076	5.274e-12	T	C	0.5235	-0.0763	0.0111
5	582997	5.465e-12	G	A	0.8382	0.094	0.0136
16	30493881	5.477e-12	T	C	0.6491	-0.0793	0.0115
16	68564490	5.679e-12	T	A	0.2205	-0.0824	0.012
16	68565700	6.114e-12	G	C	0.7795	0.0822	0.0119
16	68566976	6.263e-12	T	A	0.7795	0.0818	0.0119
16	68643313	6.415e-12	T	C	0.7775	0.0807	0.0117
16	68566546	6.444e-12	G	A	0.2205	-0.0821	0.012
16	68564448	6.503e-12	C	T	0.2204	-0.0821	0.012
16	68565604	6.562e-12	G	C	0.779	0.0819	0.0119
16	68578625	6.661e-12	C	T	0.2201	-0.0818	0.0119
11	114338112	6.715e-12	G	C	0.7483	0.0825	0.012
11	114335089	6.782e-12	A	G	0.2523	-0.0815	0.0119
16	68586322	6.872e-12	G	T	0.2205	-0.0818	0.0119
1	2488153	6.875e-12	A	G	0.468	-0.1076	0.0157
16	68563644	7.072e-12	A	C	0.7796	0.0819	0.0119
16	68569645	7.152e-12	C	T	0.2203	-0.0816	0.0119
1	20227998	7.186e-12	T	C	0.1228	-0.177	0.0258
16	68583990	7.2e-12	G	A	0.2206	-0.0826	0.0121
16	68596689	7.298e-12	A	G	0.7725	0.08	0.0117
16	68560296	7.319e-12	C	T	0.2226	-0.0814	0.0119
11	114337036	7.354e-12	A	T	0.7476	0.0813	0.0119
16	68564774	7.462e-12	C	G	0.7795	0.0818	0.0119
2	241567747	7.523e-12	T	A	0.0807	0.1235	0.018
16	68562963	8.285e-12	A	G	0.7775	0.0812	0.0119
16	68565426	8.928e-12	C	T	0.2205	-0.0815	0.0119
13	27551147	8.972e-12	G	A	0.9201	-0.1239	0.0182
11	114338723	9.118e-12	G	A	0.7476	0.0808	0.0118
1	2487766	9.934e-12	T	C	0.4791	-0.0983	0.0144
5	548230	9.99e-12	G	A	0.7878	0.0826	0.0121
11	114349787	1.063e-11	G	A	0.749	0.0806	0.0119
16	68563791	1.103e-11	A	C	0.7795	0.0813	0.012
16	68573064	1.124e-11	G	T	0.2201	-0.0816	0.012
11	114450708	1.166e-11	G	A	0.3672	0.0738	0.0109
20	43190064	1.167e-11	T	C	0.5581	-0.0743	0.011
16	68558048	1.199e-11	G	A	0.8063	0.0854	0.0126
11	114335102	1.236e-11	T	C	0.2523	-0.0807	0.0119
16	68625253	1.247e-11	T	C	0.7763	0.0796	0.0118
16	68569440	1.271e-11	T	G	0.7799	0.0812	0.012
16	68566508	1.288e-11	G	A	0.22	-0.0818	0.0121
16	68558528	1.34e-11	T	C	0.194	-0.085	0.0126
4	103434253	1.416e-11	T	C	0.3344	0.0711	0.0105
16	68672346	1.428e-11	G	A	0.2426	-0.0779	0.0115
7	107594549	1.437e-11	G	A	0.6484	0.0741	0.011
11	114344713	1.451e-11	G	T	0.7481	0.08	0.0118
16	68598938	1.477e-11	G	A	0.2128	-0.0836	0.0124
11	114346713	1.495e-11	A	G	0.2518	-0.08	0.0119
5	637107	1.514e-11	C	T	0.811	0.0855	0.0127
11	114345020	1.551e-11	A	T	0.7481	0.0799	0.0118
11	114342566	1.58e-11	C	T	0.7501	0.08	0.0119
7	116892846	1.65e-11	T	C	0.4533	-0.0749	0.0111
2	199656443	1.667e-11	A	G	0.3738	-0.0797	0.0118
7	27247279	1.671e-11	G	A	0.1854	0.0833	0.0124
20	43067514	1.705e-11	C	G	0.7493	-0.0832	0.0124
1	2488608	1.844e-11	T	C	0.4811	-0.1081	0.0161
11	114332489	1.865e-11	C	T	0.7477	0.0801	0.0119
16	68583309	1.96e-11	G	A	0.2194	-0.0816	0.0122
16	68583892	1.991e-11	A	G	0.7845	0.0827	0.0123
1	2487663	2.006e-11	C	A	0.5309	0.1054	0.0157
16	68562815	2.03e-11	C	T	0.2255	-0.0796	0.0119
11	114338295	2.116e-11	G	A	0.7477	0.0794	0.0119
11	114340931	2.127e-11	C	G	0.7481	0.0794	0.0119
5	554211	2.145e-11	C	T	0.8234	0.0869	0.013
11	114304177	2.214e-11	C	G	0.3406	-0.0729	0.0109
5	580665	2.272e-11	A	T	0.8206	0.0871	0.013
11	114304166	2.305e-11	A	T	0.3406	-0.073	0.0109
11	114339243	2.326e-11	G	A	0.7477	0.0792	0.0118
11	114337188	2.387e-11	C	T	0.7476	0.0793	0.0119
11	114323627	2.563e-11	A	G	0.4706	-0.0755	0.0113
5	555564	2.602e-11	A	C	0.1779	-0.0866	0.013
2	199632565	2.661e-11	G	A	0.6716	0.0757	0.0114
11	114333434	2.75e-11	A	G	0.2523	-0.0788	0.0118
1	2463749	2.838e-11	G	T	0.5081	-0.0733	0.011
11	114336190	3.11e-11	C	T	0.7476	0.0788	0.0119
20	43175179	3.1330000000000003e-11	A	G	0.0526	-0.1638	0.0247
16	68660565	3.393e-11	C	T	0.2197	-0.0781	0.0118
11	114324184	3.399e-11	C	T	0.7482	0.0783	0.0118
16	68608511	3.465e-11	T	C	0.7915	0.0816	0.0123
7	107458561	3.488e-11	C	T	0.8411	0.0909	0.0137
11	114347556	3.521e-11	T	G	0.252	-0.0786	0.0119
5	560476	3.577e-11	A	G	0.1778	-0.0856	0.0129
11	114333088	3.606e-11	C	T	0.7477	0.0783	0.0118
16	68680280	3.64e-11	G	C	0.2419	-0.0791	0.0119
11	114324312	3.648e-11	G	A	0.7481	0.0784	0.0118
5	582669	4.006e-11	A	G	0.1799	-0.0859	0.013
5	575927	4.028e-11	T	C	0.1796	-0.0857	0.013
16	68584526	4.068e-11	C	T	0.2182	-0.0826	0.0125
11	114330225	4.396e-11	T	C	0.2519	-0.078	0.0118
5	558307	4.431e-11	T	C	0.1778	-0.0853	0.0129
11	114328432	4.666e-11	A	T	0.7481	0.0778	0.0118
5	574072	4.935e-11	G	A	0.8205	0.0852	0.013
1	20205336	4.956e-11	A	G	0.0552	0.1425	0.0217
1	20249606	5.117e-11	G	A	0.8996	0.1072	0.0163
5	572383	5.119e-11	G	A	0.8209	0.0852	0.013
5	560440	5.326e-11	C	T	0.8222	0.0849	0.0129
5	579269	5.373e-11	C	T	0.8205	0.085	0.0129
5	578404	5.447e-11	G	T	0.8205	0.0851	0.013
11	114325938	5.66e-11	G	T	0.7481	0.0776	0.0118
5	597274	5.687e-11	C	G	0.7721	0.0771	0.0118
11	114354133	6.194e-11	G	A	0.8	0.0863	0.0132
11	114331220	6.244e-11	A	G	0.252	-0.0776	0.0119
5	672593	6.391e-11	C	T	0.8222	0.0865	0.0132
1	20240590	6.457e-11	T	C	0.0554	0.1402	0.0215
13	27536576	6.587e-11	G	C	0.358	-0.0792	0.0121
1	2490898	6.591e-11	C	A	0.519	0.103	0.0158
5	561111	6.749e-11	G	A	0.8222	0.0845	0.0129
12	48208368	6.818e-11	T	C	0.4697	0.0701	0.0107
5	599269	6.848e-11	G	A	0.8131	0.0833	0.0128
5	561198	6.849e-11	C	T	0.8226	0.0847	0.013
2	199600135	8.274e-11	A	G	0.7441	0.0792	0.0122
11	114289188	8.284e-11	C	G	0.1957	-0.0842	0.013
1	2465329	8.684e-11	G	A	0.5056	-0.074	0.0114
16	68568537	8.694e-11	A	G	0.781	0.0809	0.0125
1	20218682	8.817e-11	T	G	0.0552	0.1404	0.0217
1	20215385	8.981e-11	C	T	0.9445	-0.1399	0.0216
1	20219269	9.174e-11	G	T	0.9445	-0.1404	0.0217
1	2507938	9.272e-11	A	G	0.4662	-0.1013	0.0156
1	20221984	9.337e-11	A	G	0.0553	0.1392	0.0215
5	574019	9.38e-11	G	A	0.8204	0.0843	0.013
1	20218236	1.103e-10	T	A	0.9446	-0.1395	0.0216
1	2463414	1.124e-10	G	A	0.5063	-0.0745	0.0116
1	2465095	1.136e-10	C	T	0.5067	-0.0718	0.0111
5	668842	1.158e-10	C	T	0.821	0.084	0.013
1	20212450	1.247e-10	A	G	0.0555	0.1389	0.0216
1	20217478	1.343e-10	C	T	0.9446	-0.1387	0.0216
2	199564343	1.379e-10	A	G	0.7435	0.0803	0.0125
1	20217931	1.542e-10	A	G	0.0555	0.1383	0.0216
1	2490942	1.584e-10	C	A	0.5243	0.0995	0.0156
1	20224152	1.601e-10	G	A	0.9447	-0.1382	0.0216
2	241583676	1.604e-10	A	G	0.2102	0.0771	0.0121
5	581193	1.606e-10	G	A	0.8201	0.0833	0.013
22	50439430	1.613e-10	A	G	0.5217	0.1002	0.0157
5	591138	1.729e-10	G	A	0.8202	0.0837	0.0131
5	542023	1.798e-10	A	G	0.2124	-0.0772	0.0121
5	149602824	1.808e-10	C	T	0.4308	-0.0681	0.0107
16	68554754	1.931e-10	G	A	0.8143	0.0818	0.0128
2	199566914	1.941e-10	T	C	0.7438	0.0796	0.0125
22	50440296	2.047e-10	T	C	0.5176	0.0991	0.0156
1	20241907	2.085e-10	C	T	0.9448	-0.1375	0.0216
2	199645024	2.096e-10	C	G	0.3603	-0.0741	0.0117
2	228671423	2.122e-10	C	T	0.8646	0.0959	0.0151
1	2494785	2.223e-10	G	A	0.5085	0.0919	0.0145
11	114324444	2.262e-10	G	A	0.7507	0.0782	0.0123
1	20240219	2.375e-10	G	A	0.9448	-0.137	0.0216
7	116895163	2.487e-10	G	A	0.55	0.0689	0.0109
22	50444484	2.574e-10	A	G	0.5194	0.0987	0.0156
5	671826	2.577e-10	A	T	0.8223	0.083	0.0131
7	128593948	2.578e-10	A	G	0.3834	0.0688	0.0109
15	41563950	2.587e-10	A	G	0.2574	-0.0695	0.011
1	20184629	2.679e-10	C	G	0.1438	0.0909	0.0144
1	20233226	2.777e-10	A	G	0.0553	0.1362	0.0216
22	50435480	2.777e-10	A	G	0.5216	0.0989	0.0157
7	107591914	2.87e-10	A	G	0.3879	-0.0675	0.0107
5	535662	2.941e-10	G	A	0.8211	0.0834	0.0132
1	2497678	2.954e-10	A	G	0.4879	-0.0905	0.0144
1	20225648	2.96e-10	C	A	0.9447	-0.1357	0.0215
1	20236027	2.964e-10	A	G	0.0553	0.1357	0.0215
2	199654149	3.181e-10	C	T	0.3733	-0.0717	0.0114
2	199621041	3.346e-10	C	T	0.3585	-0.0746	0.0119
7	128645292	3.346e-10	A	C	0.3842	0.0685	0.0109
7	128595149	3.454e-10	T	C	0.3842	0.069	0.011
20	43064654	3.567e-10	A	G	0.2616	0.0756	0.0121
2	199542428	3.713e-10	C	A	0.5407	-0.0951	0.0152
22	50445704	3.822e-10	T	C	0.5174	0.0978	0.0156
5	587825	3.855e-10	T	C	0.1786	-0.0812	0.013
5	645562	3.862e-10	C	T	0.8138	0.08	0.0128
11	114282158	3.9e-10	G	A	0.8054	0.0849	0.0136
5	587432	3.945e-10	C	T	0.8211	0.0837	0.0134
2	241644594	4.016e-10	A	T	0.696	0.0679	0.0109
11	114428866	4.17e-10	A	G	0.3356	-0.1047	0.0168
5	583198	4.332e-10	G	A	0.8215	0.0813	0.013
2	199643122	4.367e-10	A	G	0.3677	-0.0709	0.0114
11	114402572	4.45e-10	C	T	0.6645	0.1033	0.0166
2	199644913	4.48e-10	T	C	0.3704	-0.0709	0.0114
5	575182	4.507e-10	A	G	0.1793	-0.0846	0.0136
5	587261	4.57e-10	C	A	0.8211	0.0809	0.013
1	2491205	4.59e-10	C	T	0.5219	0.0909	0.0146
8	116559435	4.631e-10	A	G	0.5676	0.0662	0.0106
22	50446988	4.832e-10	C	T	0.4826	-0.0972	0.0156
2	199651604	5.083e-10	A	G	0.3714	-0.0709	0.0114
5	676768	5.153e-10	G	A	0.8571	0.14	0.0225
2	199632982	5.251e-10	A	T	0.6307	0.0705	0.0113
2	199621092	5.262e-10	C	T	0.3583	-0.075	0.0121
5	590710	5.349e-10	C	A	0.8204	0.0805	0.013
7	128589427	5.657e-10	G	A	0.3722	-0.0673	0.0109
1	20237760	5.798e-10	A	G	0.0607	-0.1289	0.0208
11	117864063	5.799e-10	A	G	0.1681	0.0819	0.0132
5	665148	5.807e-10	A	G	0.1865	-0.0799	0.0129
5	646418	5.924e-10	G	C	0.1867	-0.0792	0.0128
7	107585473	6.033e-10	C	T	0.4951	0.0697	0.0113
2	199635382	6.28e-10	C	G	0.3666	-0.0722	0.0117
11	114418550	6.444e-10	A	G	0.4701	-0.0903	0.0146
5	639231	6.448e-10	C	A	0.8114	0.0785	0.0127
2	199625393	6.493e-10	G	A	0.3673	-0.0703	0.0114
5	660804	6.811e-10	C	T	0.8135	0.0789	0.0128
5	659437	6.899e-10	T	C	0.186	-0.079	0.0128
5	597643	7.051e-10	T	C	0.1866	-0.0789	0.0128
5	643028	7.124e-10	T	G	0.1867	-0.0791	0.0128
2	199638690	7.187e-10	G	A	0.36870000000000003	-0.0701	0.0114
5	676423	7.275e-10	G	A	0.8317	0.0821	0.0133
5	589853	7.394e-10	G	T	0.8204	0.0794	0.0129
5	590742	7.627e-10	T	C	0.1796	-0.0799	0.013
5	670909	7.652e-10	G	A	0.8227	0.0812	0.0132
5	596701	7.667e-10	T	C	0.1868	-0.0789	0.0128
1	20233086	7.824e-10	G	A	0.9394	0.1279	0.0208
2	199651195	7.991e-10	T	C	0.3722	-0.0701	0.0114
5	596087	8.491e-10	A	G	0.1866	-0.0784	0.0128
2	199632946	8.525e-10	T	G	0.6307	0.0696	0.0113
5	595956	8.554e-10	C	G	0.8134	0.0784	0.0128
5	595365	8.643e-10	C	T	0.8134	0.0783	0.0128
5	677239	8.662e-10	T	C	0.1682	-0.0818	0.0133
2	199621633	8.909e-10	T	C	0.3548	-0.0693	0.0113
20	43068892	8.999e-10	G	T	0.7928	-0.0824	0.0134
5	661856	9.112e-10	T	C	0.1859	-0.0785	0.0128
1	20244354	9.177e-10	G	A	0.9441	-0.1321	0.0216
5	644552	9.225e-10	G	T	0.8138	0.0786	0.0128
5	597564	9.234e-10	A	G	0.1866	-0.0782	0.0128
2	199623902	9.234e-10	C	T	0.3649	-0.0695	0.0113
2	199621887	9.308e-10	C	T	0.3573	-0.0691	0.0113
5	598029	9.481e-10	C	T	0.8134	0.0781	0.0128
5	592819	9.541e-10	C	T	0.831	0.0795	0.013
7	17442679	9.548e-10	G	A	0.4482	-0.0661	0.0108
5	590458	9.576e-10	T	C	0.1797	-0.079	0.0129
5	659343	1.003e-9	T	C	0.1865	-0.0785	0.0128
5	676546	1.03e-9	A	G	0.168	-0.0814	0.0133
7	128654656	1.075e-9	T	C	0.3588	0.067	0.011
5	599196	1.087e-9	C	T	0.8133	0.0778	0.0128
5	503369	1.098e-9	C	T	0.7444	0.071	0.0117
5	660491	1.1e-9	C	T	0.8136	0.0782	0.0128
5	594987	1.104e-9	A	C	0.1866	-0.0779	0.0128
5	674141	1.162e-9	A	G	0.1781	-0.0851	0.014
1	2430617	1.164e-9	C	T	0.5222	-0.0668	0.011
5	601789	1.181e-9	T	C	0.1864	-0.0779	0.0128
11	114292014	1.235e-9	G	A	0.8056	0.0792	0.013
11	114315188	1.254e-9	A	G	0.4911	-0.0663	0.0109
11	8744219	1.279e-9	C	A	0.79	0.0728	0.012
5	664084	1.281e-9	G	A	0.8139	0.078	0.0128
2	199629554	1.286e-9	G	A	0.6589	0.0693	0.0114
5	590626	1.29e-9	A	G	0.1796	-0.0784	0.0129
5	609661	1.321e-9	G	A	0.8136	0.0778	0.0128
17	76737118	1.41e-9	A	G	0.2088	0.0747	0.0123
5	628294	1.414e-9	G	A	0.8112	0.0769	0.0127
2	241584036	1.421e-9	C	T	0.785	-0.0739	0.0122
7	107603431	1.443e-9	A	C	0.2684	-0.0669	0.0111
20	43089819	1.451e-9	G	A	0.6161	-0.0656	0.0108
1	2539603	1.452e-9	G	A	0.6912	0.1019	0.0169
5	619815	1.46e-9	C	G	0.1889	-0.0769	0.0127
2	199622708	1.475e-9	C	T	0.3585	-0.0686	0.0113
11	114342498	1.491e-9	G	A	0.5733	0.0675	0.0112
2	199608595	1.521e-9	C	A	0.6431	0.0692	0.0114
1	20237348	1.526e-9	G	A	0.9396	0.1257	0.0208
5	623733	1.561e-9	G	A	0.8112	0.0768	0.0127
11	114342631	1.562e-9	G	A	0.5734	0.0672	0.0111
2	241563169	1.748e-9	T	C	0.2534	-0.0741	0.0123
11	114275839	1.773e-9	C	G	0.1952	-0.0782	0.013
2	241590308	1.846e-9	A	G	0.0596	0.1255	0.0209
5	637277	1.867e-9	A	G	0.1883	-0.0784	0.0131
7	128683012	1.988e-9	C	T	0.6386	-0.0658	0.011
7	128640334	2.016e-9	A	T	0.5581	0.0654	0.0109
2	241586195	2.051e-9	G	T	0.7762	-0.0722	0.012
11	114285059	2.059e-9	C	T	0.8042	0.0779	0.013
16	50697676	2.072e-9	C	T	0.9793	-0.1883	0.0314
11	114338079	2.095e-9	A	G	0.4277	-0.0669	0.0112
7	128633722	2.168e-9	T	C	0.3587	0.0656	0.011
5	667620	2.194e-9	G	A	0.823	0.0781	0.013
2	241587935	2.211e-9	A	T	0.2234	0.0742	0.0124
13	27524180	2.236e-9	G	A	0.7837	0.0748	0.0125
5	636299	2.288e-9	C	T	0.8103	0.0752	0.0126
19	47119910	2.306e-9	T	G	0.4008	0.0666	0.0111
2	199629722	2.349e-9	C	A	0.6347	0.0686	0.0115
7	128635267	2.363e-9	G	A	0.6447	-0.0653	0.0109
5	602650	2.381e-9	A	G	0.1872	-0.0761	0.0128
2	199618879	2.461e-9	C	T	0.3602	-0.0676	0.0113
2	199635236	2.511e-9	C	T	0.6414	0.0675	0.0113
11	114302800	2.604e-9	A	G	0.4912	-0.0648	0.0109
1	2502780	2.623e-9	C	T	0.5109	0.0934	0.0157
5	665671	2.624e-9	C	T	0.8144	0.0771	0.013
5	684848	2.635e-9	G	A	0.832	0.0795	0.0133
2	199616520	2.674e-9	C	T	0.6478	0.0676	0.0114
13	27543193	3.074e-9	C	T	0.9713	-0.1765	0.0298
7	128599397	3.1e-9	C	T	0.372	-0.0672	0.0113
2	241585281	3.152e-9	G	A	0.8684	-0.0865	0.0146
20	43235930	3.207e-9	C	T	0.9479	0.1452	0.0245
13	27553691	3.288e-9	C	A	0.7679	-0.0698	0.0118
2	241588811	3.396e-9	T	A	0.7757	-0.0715	0.0121
2	241592937	3.577e-9	G	A	0.7757	-0.0713	0.0121
2	241607566	3.599e-9	A	G	0.7788	-0.0719	0.0122
2	241596785	3.642e-9	C	T	0.2209	0.0719	0.0122
2	241603095	3.648e-9	A	C	0.779	-0.0719	0.0122
2	241586627	3.684e-9	C	T	0.8689	-0.0869	0.0147
2	241596340	3.731e-9	A	G	0.7813	-0.0719	0.0122
7	128655918	3.984e-9	C	T	0.3752	-0.065	0.0111
2	241609890	4.017e-9	C	T	0.2212	0.0717	0.0122
2	241606050	4.094e-9	T	G	0.7787	-0.0718	0.0122
2	241579218	4.115e-9	T	C	0.5038	0.0647	0.011
5	556421	4.128e-9	C	T	0.8239	0.0788	0.0134
7	128686338	4.142e-9	C	T	0.6374	-0.0645	0.011
1	20159225	4.216e-9	T	A	0.6048	-0.0647	0.011
7	27201532	4.735e-9	C	A	0.2506	0.0662	0.0113
2	241596863	4.859e-9	C	T	0.2209	0.0714	0.0122
5	540459	4.877e-9	G	A	0.8474	0.0777	0.0133
13	27547341	4.902e-9	G	A	0.6756	0.0656	0.0112
2	199633659	5.086e-9	G	A	0.3621	-0.0662	0.0113
11	114330018	5.094e-9	A	G	0.4265	-0.0652	0.0112
2	241596432	5.097e-9	T	G	0.7796	-0.0711	0.0122
11	114414994	5.299e-9	T	C	0.4694	-0.0904	0.0155
18	42309786	5.358e-9	T	C	0.5749	-0.0628	0.0108
1	2439685	5.39e-9	G	C	0.4768	-0.0668	0.0115
5	528609	5.406e-9	T	C	0.2172	-0.0697	0.012
1	20158241	5.445e-9	T	C	0.395	0.0636	0.0109
2	199617158	5.46e-9	C	T	0.6542	0.066	0.0113
16	50695681	5.476e-9	C	T	0.9793	-0.1835	0.0315
11	114265833	5.503e-9	A	T	0.8049	0.0759	0.013
1	2570023	5.967e-9	A	G	0.6925	0.0677	0.0116
2	241588048	6.196e-9	G	C	0.8692	-0.0855	0.0147
16	50693843	6.348e-9	A	G	0.0211	0.1807	0.0311
11	114451355	6.759e-9	A	G	0.2685	-0.0671	0.0116
2	199639129	6.919e-9	T	G	0.471	0.0628	0.0108
20	43245933	6.968e-9	A	G	0.0526	-0.1411	0.0244
1	2427712	7.356e-9	C	T	0.5427	-0.0683	0.0118
5	579737	7.592e-9	G	A	0.7978	0.0722	0.0125
16	68824492	8.246e-9	C	T	0.7041	0.0665	0.0115
20	43075301	8.283e-9	G	C	0.8408	-0.0794	0.0138
2	241595246	8.753e-9	G	T	0.7754	-0.07	0.0122
11	114346570	9.277e-9	G	A	0.8224	-0.0756	0.0132
12	57960551	9.294e-9	A	G	0.3787	-0.0654	0.0114
5	578572	9.628e-9	A	G	0.1807	-0.116	0.0202
5	614291	9.674e-9	C	T	0.8109	0.0735	0.0128
7	107601523	9.871e-9	T	C	0.3133	-0.0609	0.0106
2	199581496	1.065e-8	T	C	0.7415	0.0977	0.0171
7	128579666	1.071e-8	G	A	0.5263	-0.0904	0.0158
2	241594001	1.096e-8	A	G	0.2243	0.0694	0.0121
2	199540717	1.391e-8	G	C	0.5318	-0.0883	0.0156
2	199608846	1.416e-8	G	A	0.3429	-0.065	0.0115
17	76680086	1.426e-8	A	G	0.2171	0.0662	0.0117
5	515464	1.554e-8	A	C	0.2625	-0.0675	0.0119
12	58098425	1.556e-8	A	C	0.6626	0.0635	0.0112
12	57946510	1.561e-8	G	C	0.6239	0.0637	0.0113
2	199717677	1.575e-8	T	C	0.4243	-0.0639	0.0113
2	199541015	1.661e-8	T	G	0.4681	0.0882	0.0156
11	114320036	1.683e-8	G	C	0.5113	0.0641	0.0114
5	666270	1.685e-8	G	A	0.8157	0.0761	0.0135
2	241594352	1.722e-8	C	G	0.776	-0.068	0.0121
16	68762520	1.733e-8	A	G	0.2832	-0.0644	0.0114
16	68595505	1.74e-8	T	C	0.7908	0.1054	0.0187
5	520263	1.814e-8	G	A	0.8217	0.0771	0.0137
2	241579108	1.848e-8	G	T	0.4747	-0.0907	0.0161
16	30500761	1.902e-8	G	A	0.5998	0.0633	0.0113
12	58089413	1.92e-8	A	T	0.3279	-0.0615	0.0109
1	2566025	1.943e-8	C	T	0.5536	-0.0618	0.011
2	241595223	1.956e-8	C	T	0.7753	-0.0688	0.0123
2	199617826	1.959e-8	G	T	0.6512	0.0642	0.0114
16	30507265	2.042e-8	T	G	0.6931	-0.0616	0.011
2	199612796	2.066e-8	C	A	0.6537	0.064	0.0114
7	128676724	2.155e-8	T	A	0.6737	0.0611	0.0109
1	2544640	2.176e-8	G	A	0.6912	0.0938	0.0168
5	580129	2.178e-8	T	C	0.2019	-0.0688	0.0123
5	560923	2.224e-8	A	G	0.2027	-0.0683	0.0122
16	68591230	2.248e-8	A	C	0.7957	0.1048	0.0187
1	20153777	2.273e-8	A	G	0.028	-0.1753	0.0314
12	58092554	2.297e-8	A	G	0.6706	0.0616	0.011
7	128593719	2.321e-8	C	G	0.6777	0.0609	0.0109
12	58087737	2.339e-8	T	G	0.6725	0.0623	0.0112
11	96023427	2.464e-8	G	A	0.7045	-0.06	0.0108
8	116480753	2.47e-8	G	A	0.4385	-0.0593	0.0106
7	128589633	2.504e-8	C	T	0.3225	-0.0601	0.0108
5	567747	2.508e-8	T	C	0.2008	-0.0678	0.0122
1	2539532	2.512e-8	A	G	0.3284	-0.0928	0.0167
5	568685	2.557e-8	C	T	0.7993	0.0679	0.0122
5	594083	2.615e-8	T	C	0.2318	-0.1033	0.0186
12	57968738	2.699e-8	G	A	0.3797	-0.0607	0.0109
16	68698886	2.898e-8	C	T	0.762	0.063	0.0114
5	579066	3.154e-8	A	C	0.2019	-0.068	0.0123
1	2538886	3.368e-8	G	T	0.6912	0.0925	0.0168
2	241582915	3.371e-8	A	G	0.1107	0.0859	0.0156
12	58018979	3.422e-8	C	T	0.6801	0.06	0.0109
1	20247674	3.446e-8	C	A	0.899	-0.0937	0.017
5	573395	3.46e-8	C	A	0.7989	0.0678	0.0123
12	58017701	3.476e-8	T	G	0.3209	-0.0601	0.0109
2	199638824	3.564e-8	T	C	0.3676	-0.0641	0.0116
1	2546229	3.601e-8	G	A	0.6912	0.0923	0.0168
5	677348	3.623e-8	T	C	0.2422	-0.065	0.0118
1	2539796	3.626e-8	C	T	0.6902	0.0923	0.0167
5	569230	3.669e-8	C	G	0.2007	-0.0672	0.0122
5	568144	3.691e-8	T	C	0.2009	-0.067	0.0122
7	92264410	3.825e-8	T	C	0.3496	-0.0594	0.0108
1	2539400	3.868e-8	T	C	0.3282	-0.0661	0.012
7	128597587	3.906e-8	T	G	0.6779	0.0591	0.0108
1	20184082	3.951e-8	T	A	0.829	-0.1164	0.0212
1	2541269	4.153e-8	A	G	0.3287	-0.0661	0.012
16	68573945	4.176e-8	C	T	0.2092	-0.1022	0.0186
2	100774773	4.215e-8	G	A	0.6288	0.0624	0.0114
16	30503414	4.451e-8	T	G	0.4003	-0.0618	0.0113
1	2553758	4.485e-8	C	T	0.671	0.0652	0.0119
12	57958313	4.556e-8	A	G	0.3775	-0.0598	0.0109
12	58075937	4.583e-8	G	A	0.3366	-0.06	0.011
12	58068388	4.612e-8	C	T	0.3363	-0.0598	0.0109
12	12648843	4.636e-8	A	G	0.2768	0.0589	0.0108
7	107476334	4.669e-8	G	C	0.6767	0.062	0.0113
12	58103592	4.698e-8	A	G	0.6658	0.0598	0.0109
11	96025709	4.719e-8	G	A	0.705	-0.0589	0.0108
11	8762162	4.741e-8	T	G	0.1017	-0.0862	0.0158
12	58020933	4.757e-8	G	A	0.6807	0.0594	0.0109
1	20161864	4.771e-8	A	G	0.0679	-0.1128	0.0207
12	58062667	4.79e-8	C	T	0.3368	-0.0609	0.0112
12	57976647	4.792e-8	C	G	0.2777	-0.0611	0.0112
1	2708430	4.949e-8	G	A	0.6921	0.0924	0.0169
7	27188659	4.973e-8	G	A	0.2336	0.0628	0.0115
16	68822341	5.02e-8	C	G	0.7064	0.0616	0.0113
1	2719904	5.041e-8	C	A	0.5549	-0.0603	0.0111
7	128621204	5.056e-8	A	G	0.6779	0.0587	0.0108
16	68731365	5.088e-8	T	C	0.2737	-0.0606	0.0111
7	128668250	5.123e-8	C	T	0.3222	-0.0587	0.0108
2	199523122	5.152e-8	C	T	0.4962	0.0857	0.0157
11	114389008	5.155e-8	C	T	0.8931	0.0972	0.0179
12	58104104	5.176e-8	C	A	0.3366	-0.0597	0.011
15	41792560	5.224e-8	A	G	0.3508	-0.057	0.0105
16	68689419	5.227e-8	G	A	0.2384	-0.062	0.0114
12	58100551	5.238e-8	T	G	0.6658	0.0595	0.0109
12	58075398	5.277e-8	A	G	0.6625	0.0597	0.011
12	58079586	5.34e-8	A	T	0.6616	0.0599	0.011
16	50355996	5.341e-8	G	A	0.8182	0.0717	0.0132
12	57853153	5.523e-8	G	C	0.6647	0.06	0.011
7	128617089	5.658e-8	G	T	0.3222	-0.0584	0.0108
1	2561286	5.722e-8	T	G	0.6912	0.0909	0.0168
1	2698950	5.773e-8	G	A	0.6912	0.0914	0.0169
16	68824148	5.857e-8	T	G	0.2975	-0.0609	0.0112
16	68828885	6.057e-8	G	A	0.706	0.0857	0.0158
16	68829021	6.086e-8	C	T	0.7027	0.0611	0.0113
7	128594725	6.091e-8	C	T	0.3223	-0.0585	0.0108
1	2552071	6.137e-8	T	C	0.3284	-0.0647	0.012
12	58063475	6.253e-8	T	C	0.6627	0.0592	0.0109
12	58053029	6.273e-8	T	C	0.6627	0.0592	0.0109
1	20165383	6.296e-8	C	A	0.9325	0.1126	0.0208
7	128673205	6.348e-8	G	A	0.3222	-0.0582	0.0108
7	128684571	6.623e-8	A	G	0.6811	0.0581	0.0107
12	57810104	6.629e-8	T	C	0.2304	-0.0634	0.0117
1	2709164	6.629e-8	C	A	0.6921	0.0915	0.0169
16	68582365	6.69e-8	C	T	0.2061	-0.1012	0.0187
1	2720173	6.716e-8	A	G	0.3079	-0.0676	0.0125
7	128656831	6.754e-8	C	T	0.3223	-0.0582	0.0108
16	50350210	6.966e-8	G	A	0.8188	0.0715	0.0133
1	2524205	6.982e-8	C	T	0.6877	0.0649	0.012
16	68771034	7.223e-8	C	A	0.7159	0.0592	0.011
1	2537095	7.273e-8	G	A	0.6892	0.0902	0.0168
1	2462818	7.311e-8	T	C	0.7593	0.0676	0.0126
12	57978740	7.342e-8	C	T	0.2807	-0.0602	0.0112
16	68732049	7.501e-8	A	C	0.273	-0.0604	0.0112
7	128577304	7.53e-8	T	G	0.6382	0.0598	0.0111
13	27506499	7.655e-8	C	T	0.8098	-0.0684	0.0127
2	199617622	7.983e-8	A	G	0.3574	-0.0653	0.0122
13	27523026	8.027e-8	A	G	0.7835	0.0636	0.0118
12	58065448	8.045e-8	C	T	0.3373	-0.0588	0.011
7	128683547	8.085e-8	T	C	0.6817	0.0576	0.0107
1	2433900	8.217e-8	C	T	0.4772	-0.0865	0.0161
16	68674788	8.542e-8	G	A	0.2363	-0.0977	0.0183
16	68824220	8.6e-8	A	C	0.2966	-0.0612	0.0114
1	2558308	8.601e-8	A	C	0.689	0.0645	0.012
1	20237382	8.736e-8	G	C	0.957	0.1276	0.0238
12	58080140	8.95e-8	C	T	0.3355	-0.06	0.0112
5	583442	9.09e-8	G	A	0.8004	0.1028	0.0192
22	50451771	9.834e-8	C	T	0.4767	-0.0848	0.0159
2	199783596	1.009e-7	G	A	0.5061	0.0597	0.0112
12	57705631	1.011e-7	A	G	0.2312	-0.0626	0.0118
7	128562578	1.046e-7	T	C	0.5351	0.0613	0.0115
16	68767912	1.047e-7	C	T	0.7158	0.0586	0.011
1	2710377	1.051e-7	G	A	0.5511	-0.0591	0.0111
1	2532899	1.057e-7	C	A	0.3108	-0.0891	0.0168
12	57679030	1.058e-7	C	T	0.7692	0.0625	0.0118
5	547858	1.072e-7	A	G	0.3541	-0.0885	0.0166
1	2564465	1.083e-7	T	C	0.6897	0.0662	0.0125
12	57823192	1.086e-7	C	T	0.7661	0.0621	0.0117
1	2529437	1.143e-7	C	T	0.332	-0.0635	0.012
2	100780269	1.161e-7	G	C	0.6294	0.0602	0.0114
1	2532416	1.164e-7	T	C	0.6892	0.0888	0.0168
7	128579420	1.17e-7	T	C	0.638	0.0561	0.0106
1	20173972	1.182e-7	C	T	0.9326	0.1057	0.02
12	57836098	1.184e-7	A	G	0.2295	-0.0629	0.0119
7	27201258	1.208e-7	C	G	0.8521	-0.0731	0.0138
1	20236731	1.235e-7	A	G	0.1887	-0.0687	0.013
12	58009202	1.253e-7	T	C	0.3357	-0.0575	0.0109
12	57676178	1.265e-7	A	G	0.2315	-0.062	0.0117
16	68828250	1.283e-7	T	G	0.2974	-0.0596	0.0113
15	41531084	1.286e-7	C	T	0.7421	0.048	0.0091
2	241651875	1.299e-7	C	G	0.2798	-0.0583	0.011
1	2535895	1.327e-7	C	T	0.6892	0.0884	0.0168
16	68740097	1.369e-7	T	C	0.2737	-0.0586	0.0111
5	497624	1.383e-7	G	A	0.746	0.0612	0.0116
2	100802984	1.396e-7	C	T	0.8644	0.0804	0.0153
16	68790502	1.479e-7	C	T	0.7189	0.0581	0.0111
1	2564805	1.488e-7	A	G	0.4462	0.0574	0.0109
7	128644857	1.49e-7	C	T	0.3239	-0.0554	0.0105
16	30514470	1.526e-7	C	T	0.4598	0.0613	0.0117
16	30514723	1.547e-7	C	T	0.4595	0.0624	0.0119
11	114347651	1.562e-7	A	G	0.1131	-0.0826	0.0158
1	20237603	1.568e-7	A	G	0.0426	-0.1259	0.024
16	68818390	1.61e-7	C	T	0.7074	0.0595	0.0114
16	68755635	1.612e-7	T	A	0.2893	-0.0574	0.011
1	20248430	1.618e-7	G	A	0.9575	0.1259	0.024
16	68750190	1.63e-7	G	A	0.7267	0.058	0.0111
12	58056763	1.637e-7	C	T	0.337	-0.0588	0.0112
1	2713327	1.641e-7	C	T	0.5542	-0.0576	0.011
1	2422614	1.643e-7	G	A	0.2802	-0.0599	0.0114
1	2574078	1.652e-7	T	C	0.6912	0.0883	0.0169
16	68778457	1.693e-7	C	T	0.7166	0.0577	0.011
12	57835965	1.722e-7	C	T	0.7708	0.0622	0.0119
7	27200905	1.727e-7	A	G	0.8251	-0.0674	0.0129
12	57680101	1.761e-7	T	A	0.7688	0.0615	0.0118
12	57856014	1.791e-7	C	T	0.3609	-0.0582	0.0111
1	2712170	1.813e-7	A	G	0.4458	0.0573	0.011
1	2709576	1.905e-7	C	T	0.5543	-0.0571	0.011
16	68788909	1.912e-7	G	T	0.7185	0.0579	0.0111
1	20183342	1.936e-7	C	T	0.5207	-0.0811	0.0156
7	128674666	1.937e-7	A	G	0.6746	0.0568	0.0109
16	68754312	1.974e-7	T	C	0.2891	-0.0576	0.0111
1	2578220	1.999e-7	G	T	0.5549	-0.0578	0.0111
1	2707438	2.041e-7	A	T	0.5545	-0.0573	0.011
1	2546229	2.122e-7	G	A	0.6888	0.0605	0.0117
7	128673150	2.142e-7	G	C	0.479	-0.0577	0.0111
1	2694496	2.185e-7	G	A	0.5548	-0.0571	0.011
1	2709392	2.197e-7	G	A	0.5542	-0.0568	0.011
7	128629471	2.246e-7	G	C	0.4825	-0.0573	0.0111
1	2710002	2.303e-7	G	A	0.5542	-0.0569	0.011
1	2525665	2.334e-7	T	C	0.3311	-0.0615	0.0119
1	2520302	2.378e-7	T	C	0.3326	-0.0617	0.0119
7	128584084	2.379e-7	T	C	0.5211	0.0813	0.0157
16	30493630	2.412e-7	G	A	0.6149	0.0586	0.0114
1	20214420	2.433e-7	G	A	0.9575	0.1236	0.0239
1	20247839	2.448e-7	C	T	0.9575	0.1242	0.0241
5	498430	2.487e-7	G	A	0.7544	0.0604	0.0117
1	2717470	2.488e-7	G	A	0.6922	0.0891	0.0173
1	20218726	2.516e-7	G	A	0.9575	0.1236	0.024
16	68732977	2.568e-7	G	A	0.7274	0.0575	0.0112
16	68702077	2.619e-7	G	A	0.7377	0.0572	0.0111
11	114433638	2.658e-7	G	A	0.8148	-0.0663	0.0129
1	20223435	2.663e-7	G	A	0.9575	0.1234	0.024
16	68736292	2.703e-7	C	T	0.728	0.0574	0.0112
11	114344119	2.75e-7	C	T	0.7502	0.0872	0.017
2	198875464	2.752e-7	G	A	0.801	0.0619	0.012
16	68710737	2.869e-7	T	G	0.2618	-0.0572	0.0111
1	2465792	2.91e-7	C	T	0.2827	-0.06	0.0117
16	68749529	2.922e-7	G	A	0.7217	0.0566	0.011
2	198871417	2.946e-7	T	G	0.199	-0.062	0.0121
22	50434619	2.97e-7	G	C	0.6423	-0.0867	0.0169
1	2523706	2.998e-7	C	T	0.6872	0.0858	0.0167
1	2464045	3.025e-7	G	A	0.295	-0.0596	0.0116
15	41779260	3.053e-7	A	G	0.2663	-0.0549	0.0107
12	57849768	3.081e-7	C	G	0.7627	0.0609	0.0119
1	2465144	3.129e-7	C	T	0.2907	-0.0596	0.0117
2	241512470	3.189e-7	G	T	0.2947	-0.0585	0.0114
17	76681826	3.219e-7	C	T	0.7691	-0.0589	0.0115
16	68748223	3.223e-7	A	G	0.2775	-0.0566	0.0111
2	241522267	3.224e-7	A	T	0.8461	0.0754	0.0147
1	2553624	3.239e-7	T	C	0.3113	-0.0576	0.0113
15	41760807	3.377e-7	A	G	0.2588	-0.061	0.012
4	106075498	3.415e-7	T	G	0.6288	-0.0563	0.011
12	57856667	3.568e-7	G	C	0.3601	-0.057	0.0112
1	2535613	3.625e-7	C	A	0.6872	0.0622	0.0122
16	68747001	3.775e-7	G	A	0.723	0.0559	0.011
1	20263901	3.835e-7	A	G	0.1647	0.0691	0.0136
16	30466741	3.914e-7	A	G	0.1555	-0.0699	0.0138
16	68814826	4.07e-7	G	A	0.6538	0.0555	0.011
1	2716624	4.089e-7	C	T	0.6918	0.0628	0.0124
12	57851182	4.099e-7	G	A	0.763	0.0604	0.0119
16	68743939	4.192e-7	A	C	0.2691	-0.0558	0.011
2	100759477	4.244e-7	G	A	0.6325	0.056	0.0111
5	686244	4.331e-7	C	A	0.8351	0.121	0.024
5	504261	4.346e-7	A	G	0.3856	-0.0563	0.0111
16	68601285	4.409e-7	C	A	0.4094	-0.0548	0.0109
16	68719430	4.414e-7	C	T	0.7384	0.056	0.0111
5	581053	4.463e-7	A	G	0.3618	-0.0822	0.0163
1	2559589	4.499e-7	T	G	0.6916	0.0646	0.0128
20	43063286	4.549e-7	C	G	0.0377	0.1394	0.0276
15	41735710	4.613e-7	T	G	0.335	-0.0508	0.0101
12	57637593	4.618e-7	G	A	0.7362	0.0561	0.0111
4	106066982	4.642e-7	T	C	0.6531	-0.0565	0.0112
2	241580725	4.672e-7	C	T	0.8997	-0.1328	0.0263
15	41705008	4.739e-7	G	T	0.743	0.0546	0.0109
5	149609393	4.76e-7	G	A	0.6551	0.0831	0.0165
1	2444414	4.848e-7	G	A	0.6175	-0.0555	0.011
1	2551660	4.909e-7	T	G	0.3113	-0.0563	0.0112
16	68706933	4.932e-7	A	G	0.2613	-0.0562	0.0112
16	68555506	5.113e-7	A	G	0.0723	-0.1025	0.0204
5	589343	5.358e-7	A	T	0.6398	0.0532	0.0106
16	68737512	5.362e-7	C	T	0.7229	0.0555	0.0111
2	199608798	5.398e-7	T	C	0.6511	0.082	0.0164
1	20264343	5.577e-7	C	T	0.8353	-0.0679	0.0136
19	47123783	5.655e-7	A	G	0.3367	0.0832	0.0166
7	27196643	5.715e-7	A	G	0.8425	-0.0657	0.0131
12	58024626	5.736e-7	G	C	0.6787	0.0568	0.0114
1	2528133	5.897e-7	T	C	0.6892	0.0837	0.0167
5	548008	6.174e-7	G	A	0.6868	0.0854	0.0171
5	581593	6.285e-7	C	T	0.6404	0.0531	0.0107
12	58002599	6.328e-7	C	T	0.7442	0.0578	0.0116
1	2533250	6.334e-7	C	A	0.6857	0.0562	0.0113
2	100761156	6.336e-7	C	T	0.632	0.0552	0.0111
2	100780830	6.486e-7	T	C	0.3694	-0.0574	0.0115
1	2700117	6.581e-7	C	G	0.5556	-0.0569	0.0115
2	100762786	6.781e-7	T	G	0.3828	-0.0559	0.0113
13	27513635	6.8e-7	G	A	0.8162	0.0675	0.0136
2	100759457	6.816e-7	C	A	0.6326	0.0549	0.011
1	2420590	6.866e-7	T	C	0.7602	0.0609	0.0123
1	2465671	6.964e-7	T	C	0.7569	0.0632	0.0127
16	68824008	7.029e-7	A	G	0.3605	-0.0561	0.0113
13	27516748	7.037e-7	C	T	0.8202	0.0674	0.0136
4	106071064	7.062e-7	A	G	0.3887	-0.0541	0.0109
7	27183468	7.139e-7	G	T	0.2785	0.0553	0.0112
5	500493	7.175e-7	C	T	0.7395	0.0576	0.0116
15	41772693	7.198e-7	G	A	0.7432	0.0598	0.0121
1	2537464	7.23e-7	A	G	0.3285	-0.0821	0.0166
1	2571823	7.282e-7	A	G	0.6894	0.0561	0.0113
7	128608760	7.285e-7	A	G	0.5225	0.0565	0.0114
16	68598007	7.288e-7	A	G	0.5904	0.0526	0.0106
3	53062661	7.443e-7	T	C	0.4141	0.0573	0.0116
16	68791306	7.659e-7	C	G	0.7111	0.0543	0.011
2	100761548	7.742e-7	T	C	0.3663	-0.0545	0.011
5	526807	7.908e-7	G	A	0.7362	0.0579	0.0117
1	2558740	7.948e-7	C	T	0.3114	-0.053900000000000003	0.0109
1	2464567	8.089e-7	G	T	0.2951	-0.0574	0.0116
11	114332480	8.093e-7	T	G	0.2505	-0.085	0.0172
1	2532624	8.173e-7	C	T	0.3143	-0.057	0.0116
16	68807088	8.181e-7	G	A	0.7066	0.0551	0.0112
16	68603756	8.217e-7	G	C	0.5826	0.053900000000000003	0.0109
5	618586	8.418e-7	A	G	0.2474	-0.0557	0.0113
1	2563250	8.465e-7	G	T	0.3285	-0.0816	0.0166
2	199583323	8.587e-7	T	C	0.7313	0.0828	0.0168
1	2555640	8.605e-7	T	A	0.3114	-0.053900000000000003	0.011
2	100764087	8.617e-7	T	G	0.3668	-0.0542	0.011
2	100759285	8.727e-7	T	C	0.3675	-0.0541	0.011
2	100764125	8.777e-7	T	C	0.3668	-0.0542	0.011
2	100754997	8.793e-7	A	G	0.3676	-0.0542	0.011
16	68596509	8.812e-7	T	C	0.5967	0.052	0.0106
2	100761473	8.837e-7	A	G	0.3669	-0.0542	0.011
13	27514607	8.9420000000000005e-07	G	A	0.8145	0.0662	0.0135
12	12659894	9.037e-7	G	A	0.6226	-0.0527	0.0107
16	68821126	9.077e-7	C	T	0.707	0.0542	0.011
1	2524966	9.362e-7	C	T	0.6882	0.0566	0.0115
1	2530694	9.438e-7	G	A	0.3143	-0.0556	0.0113
12	57985204	9.545e-7	C	T	0.7464	0.0575	0.0117
16	68802936	9.603e-7	C	T	0.7068	0.0541	0.011
1	2556125	9.646e-7	C	T	0.6886	0.0535	0.0109
3	53022408	9.659e-7	C	A	0.5829	-0.0565	0.0115
1	2722848	9.776e-7	C	T	0.5183	-0.0558	0.0114
16	30482494	9.807e-7	T	C	0.5593	-0.078	0.0159
16	68591350	9.834e-7	A	G	0.5909	0.052	0.0106
16	68807828	1e-6	A	G	0.293	-0.0541	0.0111
2	100767082	1.007e-6	A	G	0.3701	-0.0542	0.0111
13	27516043	1.017e-6	G	A	0.8142	0.0657	0.0134
16	68809273	1.02e-6	T	C	0.2955	-0.0541	0.0111
2	100758709	1.027e-6	G	C	0.6324	0.053900000000000003	0.011
1	2533552	1.027e-6	A	C	0.3126	-0.0561	0.0115
1	2529192	1.037e-6	A	G	0.6856	0.0553	0.0113
1	2537838	1.044e-6	C	T	0.6898	0.0572	0.0117
1	2530558	1.048e-6	T	C	0.6857	0.0551	0.0113
5	500858	1.056e-6	A	G	0.2613	-0.0584	0.012
16	68578481	1.063e-6	A	G	0.5912	0.0531	0.0109
16	68574378	1.065e-6	G	A	0.4221	-0.0526	0.0108
12	57854311	1.066e-6	G	T	0.3154	-0.0546	0.0112
2	100757280	1.07e-6	C	T	0.6326	0.0537	0.011
16	68814204	1.077e-6	T	C	0.2931	-0.054	0.0111
2	100763900	1.081e-6	G	T	0.6338	0.0537	0.011
12	57644767	1.093e-6	G	T	0.7347	0.0542	0.0111
5	497341	1.096e-6	G	T	0.7448	0.0582	0.0119
16	68814502	1.106e-6	A	G	0.2925	-0.053900000000000003	0.0111
16	68821271	1.116e-6	G	C	0.7075	0.0536	0.011
2	100764004	1.124e-6	T	G	0.3669	-0.0541	0.0111
2	241609579	1.167e-6	T	C	0.1345	0.0677	0.0139
1	2532506	1.184e-6	G	A	0.3115	-0.0588	0.0121
16	68551277	1.211e-6	T	A	0.2086	-0.0599	0.0123
1	2524915	1.249e-6	G	T	0.6883	0.0564	0.0116
16	50772091	1.249e-6	C	T	0.977	-0.1495	0.0308
16	68596308	1.257e-6	T	C	0.5902	0.0516	0.0106
16	68802282	1.267e-6	G	A	0.7043	0.0533	0.011
1	20198504	1.269e-6	A	G	0.0217	0.1624	0.0335
2	100765692	1.272e-6	C	T	0.6298	0.0537	0.0111
2	100756009	1.283e-6	T	C	0.3671	-0.0544	0.0112
16	68559537	1.301e-6	C	A	0.4125	-0.0515	0.0106
1	2528682	1.312e-6	T	C	0.6856	0.0547	0.0113
1	2560882	1.323e-6	G	A	0.3275	-0.0801	0.0166
20	43190372	1.346e-6	C	T	0.97	-0.1389	0.0287
1	2439599	1.363e-6	C	A	0.2683	-0.0562	0.0116
1	2533706	1.375e-6	G	A	0.6873	0.0552	0.0114
16	68804317	1.38e-6	A	G	0.2957	-0.0532	0.011
1	2539006	1.393e-6	T	C	0.327	-0.0571	0.0118
16	50831256	1.397e-6	A	G	0.0249	0.1416	0.0293
2	100759078	1.405e-6	T	C	0.367	-0.0532	0.011
7	128562647	1.454e-6	G	A	0.5357	-0.0563	0.0117
1	2534087	1.457e-6	C	T	0.6875	0.0558	0.0116
16	68814948	1.486e-6	T	A	0.7064	0.0531	0.011
11	114308307	1.487e-6	C	G	0.5559	0.0533	0.0111
2	100775920	1.503e-6	C	A	0.6294	0.0535	0.0111
1	2423566	1.553e-6	C	G	0.2678	-0.0588	0.0122
7	128672915	1.56e-6	G	A	0.5031	-0.0524	0.0109
16	68713385	1.568e-6	C	G	0.2592	-0.0537	0.0112
11	114307666	1.585e-6	A	G	0.4444	-0.0531	0.0111
1	2704471	1.615e-6	C	T	0.554	-0.0533	0.0111
12	57653582	1.66e-6	A	C	0.2666	-0.0531	0.0111
11	114308684	1.697e-6	C	T	0.5561	0.053	0.0111
12	57854283	1.724e-6	T	G	0.6915	0.0533	0.0112
16	68804342	1.77e-6	T	C	0.2961	-0.0526	0.011
12	57857000	1.808e-6	G	A	0.3556	-0.0533	0.0112
16	68809278	1.823e-6	A	C	0.2945	-0.0549	0.0115
11	114329194	1.839e-6	G	A	0.7492	0.0795	0.0167
16	68800452	1.844e-6	T	C	0.2957	-0.0527	0.011
1	2695687	1.862e-6	C	T	0.6901	0.0542	0.0114
16	68815000	1.88e-6	C	T	0.7083	0.0533	0.0112
6	43795968	1.881e-6	G	T	0.1008	0.0792	0.0166
11	114310469	1.891e-6	T	C	0.4443	-0.0529	0.0111
2	100782256	1.912e-6	A	C	0.3719	-0.0531	0.0111
2	100795527	1.933e-6	A	G	0.0913	-0.0826	0.0173
2	100793876	1.953e-6	G	A	0.6299	0.0531	0.0112
13	27517360	1.961e-6	A	G	0.1857	-0.0639	0.0134
12	57856933	1.974e-6	C	T	0.3254	-0.0526	0.0111
2	100805273	1.986e-6	T	A	0.4063	-0.0537	0.0113
2	100781566	2.024e-6	A	G	0.3859	-0.0538	0.0113
7	27182245	2.025e-6	C	T	0.2815	0.0528	0.0111
12	57856776	2.051e-6	C	G	0.67490000000000006	0.0527	0.0111
2	100765077	2.103e-6	G	A	0.6305	0.0532	0.0112
16	68518992	2.124e-6	G	A	0.8985	-0.0756	0.0159
1	20210025	2.167e-6	A	T	0.9575	0.1144	0.0241
2	100808805	2.187e-6	A	C	0.1407	-0.0713	0.0151
1	2564183	2.216e-6	T	C	0.6899	0.0555	0.0117
16	30477534	2.225e-6	T	C	0.8804	-0.0754	0.0159
4	106061534	2.234e-6	C	A	0.6021	0.0739	0.0156
16	68797893	2.251e-6	C	T	0.7045	0.0522	0.011
16	68569706	2.257e-6	C	A	0.407	-0.0502	0.0106
1	20150717	2.301e-6	G	A	0.8688	-0.0712	0.0151
1	2529097	2.308e-6	T	C	0.6685	0.0778	0.0165
22	50452207	2.329e-6	A	G	0.5056	0.0751	0.0159
2	100775297	2.344e-6	C	T	0.6297	0.0523	0.0111
16	68812301	2.371e-6	A	T	0.7031	0.0521	0.011
16	68819007	2.461e-6	C	T	0.7089	0.054	0.0115
6	116768917	2.488e-6	A	G	0.41	0.0519	0.011
2	100786717	2.535e-6	A	G	0.3705	-0.0521	0.0111
2	100790581	2.584e-6	C	T	0.6297	0.0521	0.0111
7	27198860	2.622e-6	A	G	0.8687	-0.0679	0.0145
16	68739125	2.649e-6	G	A	0.7197	0.0528	0.0112
11	114344225	2.665e-6	A	T	0.5794	0.0744	0.0158
16	68817439	2.706e-6	C	T	0.7049	0.0517	0.011
1	2720175	2.709e-6	T	C	0.3087	-0.0527	0.0112
7	128605967	2.714e-6	C	T	0.4819	-0.0517	0.011
16	68809640	2.761e-6	T	A	0.7047	0.0517	0.011
16	68819614	2.768e-6	C	T	0.7081	0.0784	0.0167
16	68818903	2.786e-6	T	C	0.2954	-0.0518	0.0111
16	68820718	2.79e-6	A	G	0.2962	-0.0518	0.0111
2	100784190	2.797e-6	A	G	0.3705	-0.052	0.0111
5	593160	2.838e-6	A	G	0.3626	-0.0498	0.0106
5	149605116	2.892e-6	G	A	0.7178	0.0805	0.0172
16	68810923	2.904e-6	T	C	0.2957	-0.0517	0.0111
16	68814590	2.904e-6	T	C	0.2947	-0.0517	0.0111
1	2439681	2.911e-6	C	T	0.2625	-0.0553	0.0118
16	68820946	2.929e-6	G	A	0.7047	0.0515	0.011
2	100817609	2.999e-6	C	T	0.8527	0.0676	0.0145
1	2428874	3.057e-6	T	C	0.7382	0.0548	0.0117
2	100790172	3.114e-6	C	T	0.6296	0.0518	0.0111
16	68804068	3.152e-6	G	A	0.7044	0.0516	0.0111
12	57858414	3.227e-6	A	G	0.631	0.0513	0.011
16	68586504	3.249e-6	G	C	0.9052	-0.0736	0.0158
16	68809207	3.274e-6	C	T	0.7046	0.0515	0.0111
1	2534978	3.315e-6	G	A	0.6863	0.054	0.0116
20	43245129	3.363e-6	G	T	0.9518	0.1271	0.0274
16	68798682	3.392e-6	A	G	0.2948	-0.0532	0.0115
2	100814858	3.473e-6	C	A	0.852	0.0674	0.0145
2	200137608	3.492e-6	T	C	0.6344	0.0515	0.0111
5	35832221	3.5e-6	G	A	0.6634	-0.0495	0.0107
1	2452569	3.549e-6	T	C	0.7386	0.0545	0.0117
1	2434744	3.601e-6	C	T	0.7407	0.0556	0.012
1	2456203	3.607e-6	A	G	0.7862	0.0592	0.0128
12	57859431	3.642e-6	G	A	0.3705	-0.0511	0.011
5	537890	3.676e-6	C	T	0.818	0.0807	0.0174
2	100744924	3.707e-6	T	G	0.1278	-0.0679	0.0147
7	128603292	3.721e-6	G	C	0.4783	-0.0507	0.011
16	50803509	3.758e-6	G	C	0.0225	0.143	0.0309
2	241536819	3.773e-6	C	A	0.8366	-0.0623	0.0135
7	128589488	3.864e-6	G	A	0.4785	-0.0506	0.011
7	128651000	3.88e-6	T	C	0.5207	0.0506	0.011
5	35859011	3.894e-6	C	G	0.7214	-0.0506	0.011
5	35831936	3.921e-6	C	T	0.6634	-0.0493	0.0107
2	100805128	4.052e-6	T	C	0.3947	-0.052	0.0113
7	128619661	4.138e-6	C	T	0.4781	-0.0502	0.0109
7	128675657	4.175e-6	G	A	0.4828	-0.0504	0.0109
12	57859932	4.176e-6	G	A	0.3705	-0.0508	0.011
7	107420354	4.228e-6	C	T	0.74	0.0534	0.0116
3	101569726	4.263e-6	A	C	0.7812	0.0571	0.0124
5	35859863	4.317e-6	G	T	0.7213	-0.0502	0.0109
5	601647	4.318e-6	G	A	0.3596	0.0493	0.0107
5	607388	4.417e-6	G	A	0.3593	0.0491	0.0107
16	68774283	4.441e-6	T	C	0.2831	-0.051	0.0111
7	128654206	4.466e-6	G	C	0.4782	-0.05	0.0109
7	128689413	4.496e-6	C	T	0.528	-0.0505	0.011
11	114399708	4.513e-6	C	G	0.9458	0.1035	0.0226
16	30493733	4.618e-6	A	G	0.9075	-0.0839	0.0183
6	43793391	4.72e-6	A	G	0.8997	-0.0771	0.0168
16	68815838	4.741e-6	T	A	0.2954	-0.0507	0.0111
5	35831790	4.811e-6	A	G	0.3366	0.0489	0.0107
20	43183979	4.902e-6	C	A	0.286	0.05	0.011
12	57870155	4.999e-6	A	C	0.6339	0.0508	0.0111
1	2723345	5.007e-6	C	T	0.5364	-0.0522	0.0114
11	114555970	5.046e-6	G	A	0.9815	-0.1896	0.0416
16	68631173	5.073e-6	T	C	0.6067	0.0474	0.0104
2	100818341	5.171e-6	G	A	0.8604	0.0688	0.0151
2	100821145	5.231e-6	C	T	0.8592	0.0685	0.015
16	68582861	5.314e-6	A	G	0.5955	0.0482	0.0106
2	100819104	5.373e-6	A	G	0.1396	-0.0686	0.0151
1	2526746	5.392e-6	A	G	0.3305	-0.0535	0.0118
7	128614613	5.461e-6	C	T	0.4821	-0.0497	0.0109
5	35831690	5.462e-6	A	G	0.3366	0.0486	0.0107
5	35919618	5.521e-6	T	C	0.4273	0.0504	0.0111
12	57857354	5.541e-6	T	C	0.6972	0.0501	0.011
16	68701491	5.634e-6	G	A	0.2678	0.0503	0.0111
2	241584197	5.689e-6	C	T	0.9076	-0.125	0.0275
2	241567747	5.702e-6	T	A	0.0785	0.1295	0.0285
20	43225466	5.706e-6	T	A	0.8375	-0.0632	0.0139
16	68551950	5.744e-6	A	G	0.209	-0.0564	0.0124
5	35888203	5.791e-6	G	A	0.7226	-0.0502	0.0111
7	128597804	5.825e-6	C	T	0.4796	-0.0499	0.011
13	27522593	5.846e-6	G	C	0.2548	-0.0556	0.0123
1	2523723	5.954e-6	C	T	0.6666	0.0749	0.0165
5	35894224	5.998e-6	T	C	0.2458	0.0517	0.0114
5	35877914	6.024e-6	A	G	0.2789	0.0496	0.011
1	20177006	6.136e-6	T	C	0.0585	-0.1457	0.0322
2	241601747	6.139e-6	C	A	0.4871	0.05	0.0111
7	128661132	6.148e-6	G	A	0.4811	-0.0492	0.0109
1	2525660	6.381e-6	G	A	0.6863	0.0502	0.0111
5	35903997	6.454e-6	C	T	0.7377	-0.0503	0.0112
5	35905211	6.751e-6	C	T	0.5742	-0.0497	0.011
2	199606419	6.875e-6	T	C	0.211	-0.0517	0.0115
2	241564098	6.905e-6	C	T	0.924	-0.0824	0.0183
7	27198083	6.944e-6	A	C	0.8364	-0.0617	0.0137
5	35879429	6.984e-6	T	C	0.2789	0.0491	0.0109
1	2425992	7.003e-6	C	T	0.2696	-0.0526	0.0117
1	2537072	7.089e-6	C	T	0.9511	-0.0994	0.0221
5	35850629	7.119e-6	C	T	0.7228	-0.0489	0.0109
7	128654840	7.121e-6	T	A	0.5233	-0.0492	0.011
5	35875134	7.412e-6	T	C	0.2776	0.0491	0.011
12	12616403	7.474e-6	T	C	0.2896	0.048	0.0107
6	116769598	7.506e-6	C	A	0.8747	-0.0723	0.0161
16	30366039	7.525e-6	G	A	0.6633	-0.0489	0.0109
12	57848708	7.683e-6	C	G	0.7147	0.0505	0.0113
7	128408313	7.925e-6	T	C	0.4122	-0.0474	0.0106
5	35827030	7.974e-6	T	C	0.2681	0.0499	0.0112
12	57824165	7.996e-6	G	T	0.8003	0.056	0.0125
11	114342277	8.335e-6	T	C	0.3828	-0.0509	0.0114
7	107421072	8.429e-6	T	C	0.2814	-0.0508	0.0114
16	68651098	8.668e-6	T	G	0.0813	0.0765	0.0172
1	2475474	8.849e-6	C	T	0.7863	0.0577	0.013
5	35875227	8.965e-6	G	A	0.7224	-0.0486	0.0109
5	35830733	9.039e-6	T	C	0.2684	0.049	0.011
5	35920564	9.15e-6	C	A	0.5752	-0.0489	0.011
2	100764824	9.433e-6	G	C	0.6311	0.0508	0.0115
5	35905927	9.534e-6	A	C	0.4278	0.0489	0.0111
5	494064	9.609e-6	C	T	0.5965	0.0504	0.0114
5	35908474	9.999e-6	A	G	0.4258	0.0488	0.011
